10000
10001
10002
10003
10004
10005
10007
10008
10009
10010
10011
10012
10013
10014
10015
10017
10018
10019
10022
10023
10024
10025
10027
10028
10029
10030
10031
10033
10034
10035
10037
10038
10039
10040
10041
10042
10043
10044
10045
10047
10049
10050
10051
10052
10053
10054
10055
10057
10059
10060
10061
10062
10063
10065
10067
10068
10069
10070
10071
10072
10073
10074
10075
10077
10078
10079
10080
10081
10083
10084
10087
10089
10091
10092
10093
10094
10095
10097
10098
10099
10101
10102
10103
10104
10105
10107
10108
10111
10112
10113
10115
10117
10118
10119
10120
10121
10122
10123
10124
10125
10127
10128
10129
10130
10131
10132
10133
10134
10135
10137
10138
10140
10141
10142
10143
10144
10145
10147
10148
10149
10150
10151
10152
10153
10154
10155
10157
10158
10159
10160
10161
10162
10163
10164
10165
10167
10168
10169
10170
10171
10172
10173
10174
10175
10177
10178
10179
10180
10181
10182
10183
10184
10185
10187
10188
10189
10190
10191
10192
10193
10194
10195
10197
10199
10201
10202
10203
10204
10205
10207
10208
10209
10210
10211
10212
10213
10214
10215
10217
10218
10219
10220
10221
10222
10223
10224
10225
10227
10228
10229
10230
10231
10232
10233
10234
10235
10237
10238
10239
10240
10241
10242
10243
10244
10245
10247
10248
10249
10250
10251
10252
10253
10254
10255
10257
10258
10260
10261
10262
10263
10264
10265
10268
10269
10270
10271
10272
10273
10274
10275
10277
10278
10279
10280
10281
10282
10283
10284
10285
10287
10288
10289
10290
10291
10292
10293
10294
10295
10297
10298
10299
10300
10301
10302
10303
10304
10305
10307
10308
10309
10310
10311
10312
10313
10314
10315
10317
10318
10319
10320
10321
10322
10323
10324
10325
10327
10328
10330
10331
10332
10333
10334
10335
10337
10338
10339
10340
10341
10342
10343
10344
10345
10347
10348
10349
10350
10351
10352
10353
10354
10355
10357
10358
10361
10362
10363
10364
10367
10368
10369
10370
10371
10372
10373
10374
10375
10377
10378
10379
10380
10381
10382
10383
10384
10385
10387
10388
10389
10390
10391
10392
10393
10394
10397
10398
10399
10400
10401
10402
10403
10404
10405
10407
10408
10409
10410
10411
10412
10413
10414
10415
10417
10418
10419
10420
10421
10422
10423
10424
10425
10427
10428
10429
10430
10431
10432
10433
10434
10435
10439
10440
10441
10443
10444
10447
10448
10449
10450
10451
10453
10454
10455
10459
10460
10461
10462
10463
10464
10465
10467
10468
10469
10470
10471
10472
10473
10474
10475
10477
10478
10479
10482
10483
10484
10487
10492
10493
10494
10495
10497
10499
10500
10502
10504
10507
10509
10510
10511
10512
10513
10515
10517
10518
10519
10520
10521
10522
10523
10524
10525
10527
10528
10529
10530
10532
10533
10534
10537
10538
10542
10543
10544
10547
10548
10549
10550
10551
10552
10553
10554
10555
10557
10558
10559
10560
10561
10562
10563
10564
10565
10567
10569
10570
10571
10572
10574
10575
10577
10578
10579
10580
10581
10582
10583
10584
10585
10587
10588
10589
10590
10591
10592
10593
10594
10595
10597
10598
10599
10600
10601
10602
10603
10604
10605
10607
10608
10609
10610
10611
10612
10613
10614
10615
10617
10618
10620
10621
10622
10623
10624
10625
10627
10628
10629
10630
10631
10632
10633
10635
10637
10638
10639
10640
10641
10642
10644
10645
10647
10648
10649
10650
10651
10652
10653
10654
10657
10658
10659
10660
10661
10662
10663
10664
10665
10667
10669
10670
10671
10672
10673
10674
10677
10678
10679
10680
10681
10682
10684
10685
10687
10688
10689
10690
10691
10692
10693
10694
10695
10697
10698
10699
10701
10702
10703
10704
10705
10707
10708
10709
10710
10711
10713
10714
10715
10717
10718
10719
10720
10722
10723
10724
10725
10728
10730
10731
10732
10733
10734
10735
10737
10738
10739
10740
10741
10742
10743
10745
10747
10748
10749
10751
10752
10753
10754
10755
10757
10758
10759
10760
10761
10762
10764
10765
10767
10768
10769
10770
10771
10772
10773
10774
10775
10777
10778
10779
10780
10783
10784
10785
10787
10789
10790
10791
10793
10794
10795
10797
10798
10799
10800
10801
10802
10803
10804
10805
10807
10808
10809
10810
10811
10812
10813
10815
10817
10819
10820
10821
10822
10823
10824
10825
10827
10828
10829
10830
10832
10833
10834
10835
10837
10838
10839
10840
10841
10842
10843
10845
10847
10848
10849
10850
10851
10852
10853
10854
10855
10857
10858
10859
10860
10861
10862
10863
10864
10865
10867
10868
10869
10870
10871
10872
10873
10874
10875
10877
10878
10879
10880
10881
10882
10883
10884
10885
10887
10888
10889
10890
10891
10892
10893
10894
10897
10898
10899
10900
10901
10902
10903
10905
10907
10909
10910
10911
10912
10914
10915
10917
10918
10919
10920
10921
10922
10923
10924
10925
10927
10928
10929
10930
10931
10932
10933
10934
10935
10937
10938
10939
10940
10941
10943
10944
10945
10947
10948
10949
10951
10953
10954
10955
10957
10958
10959
10961
10962
10963
10964
10967
10968
10969
10970
10971
10972
10973
10974
10975
10977
10978
10979
10980
10981
10982
10983
10984
10985
10987
10988
10989
10990
10991
10992
10993
10994
10995
10997
10998
10999
11000
11001
11002
11003
11004
11005
11007
11008
11009
11010
11011
11012
11013
11014
11015
11017
11018
11019
11020
11021
11022
11023
11024
11025
11027
11028
11029
11030
11031
11032
11033
11035
11037
11038
11039
11040
11041
11042
11043
11044
11047
11048
11049
11050
11051
11052
11053
11054
11055
11057
11058
11059
11060
11061
11062
11063
11064
11065
11067
11068
11069
11070
11071
11072
11073
11074
11077
11078
11079
11081
11082
11083
11084
11085
11089
11090
11091
11092
11093
11094
11095
11097
11098
11099
11100
11101
11102
11103
11104
11105
11107
11108
11109
11111
11112
11113
11114
11115
11117
11118
11119
11120
11121
11122
11123
11124
11128
11129
11130
11131
11132
11133
11134
11135
11137
11138
11139
11140
11141
11142
11143
11145
11147
11148
11149
11150
11151
11152
11153
11154
11155
11157
11158
11159
11160
11161
11162
11163
11164
11165
11167
11168
11169
11170
11171
11172
11173
11174
11177
11178
11179
11180
11181
11182
11183
11184
11185
11187
11188
11189
11190
11191
11192
11193
11194
11195
11197
11198
11199
11200
11201
11202
11203
11204
11205
11207
11208
11209
11210
11211
11212
11213
11214
11215
11217
11218
11219
11220
11221
11222
11223
11224
11225
11227
11228
11229
11230
11231
11232
11233
11234
11235
11237
11239
11240
11241
11242
11243
11244
11245
11247
11248
11249
11250
11251
11252
11253
11254
11255
11257
11258
11259
11261
11262
11263
11265
11268
11269
11270
11271
11272
11273
11274
11275
11277
11278
11279
11280
11281
11282
11283
11284
11285
11287
11288
11289
11290
11291
11292
11293
11294
11295
11297
11298
11299
11302
11303
11304
11305
11307
11308
11310
11311
11313
11314
11315
11317
11318
11319
11320
11321
11322
11323
11324
11325
11327
11328
11329
11330
11331
11332
11333
11334
11335
11337
11338
11339
11340
11341
11342
11343
11344
11347
11348
11349
11350
11351
11352
11353
11354
11355
11357
11358
11359
11360
11361
11362
11363
11364
11365
11367
11368
11369
11370
11371
11372
11373
11374
11375
11377
11378
11379
11380
11381
11382
11384
11385
11387
11388
11389
11390
11391
11392
11393
11394
11395
11397
11398
11399
11400
11402
11403
11404
11405
11407
11408
11409
11410
11411
11412
11413
11414
11415
11417
11418
11419
11420
11421
11422
11423
11424
11425
11427
11428
11429
11430
11431
11432
11433
11435
11437
11439
11440
11441
11442
11443
11444
11445
11447
11448
11449
11450
11451
11452
11453
11454
11455
11457
11458
11459
11462
11463
11464
11465
11467
11468
11470
11471
11472
11473
11474
11475
11477
11478
11479
11480
11481
11482
11483
11484
11485
11487
11488
11489
11490
11491
11492
11493
11494
11495
11497
11498
11499
11500
11501
11502
11503
11504
11505
11507
11508
11509
11510
11511
11512
11513
11514
11515
11517
11518
11519
11520
11521
11522
11523
11524
11527
11528
11529
11530
11531
11532
11533
11534
11535
11537
11538
11539
11540
11541
11542
11543
11544
11545
11547
11548
11549
11550
11551
11552
11553
11554
11555
11557
11558
11559
11560
11561
11562
11563
11564
11565
11568
11569
11570
11571
11572
11573
11574
11575
11577
11578
11579
11580
11581
11582
11583
11584
11585
11587
11588
11589
11590
11591
11592
11593
11594
11595
11597
11598
11599
11600
11601
11602
11603
11604
11605
11607
11608
11609
11610
11611
11612
11613
11614
11615
11617
11618
11619
11620
11621
11622
11623
11624
11625
11627
11628
11629
11630
11631
11632
11633
11634
11635
11637
11638
11639
11640
11641
11642
11643
11644
11645
11647
11648
11649
11650
11651
11652
11653
11654
11655
11657
11658
11659
11660
11661
11663
11664
11665
11667
11668
11669
11671
11672
11673
11674
11675
5835
5837
5839
5840
5841
5842
5843
5844
5845
5847
5848
5849
5851
5852
5853
5854
5855
5858
5859
5860
5861
5862
5863
5865
5867
5868
5869
5870
5871
5872
5873
5874
5877
5878
5880
5881
5882
5883
5884
5885
5887
5888
5889
5890
5893
5894
5895
5897
5898
5899
5900
5901
5902
5903
5904
5905
5907
5910
5911
5912
5913
5915
5917
5918
5920
5921
5922
5923
5929
5930
5931
5933
5934
5937
5938
5939
5940
5941
5942
5943
5944
5945
5947
5948
5949
5950
5951
5952
5954
5955
5957
5958
5960
5961
5962
5963
5965
5967
5968
5969
5970
5971
5972
5973
5974
5975
5977
5978
5979
5980
5981
5982
5983
5984
5985
5987
5988
5989
5990
5991
5992
5993
5994
5995
5998
6000
6001
6002
6003
6004
6005
6007
6008
6009
6011
6012
6013
6014
6015
6017
6018
6019
6020
6021
6022
6023
6024
6025
6027
6028
6029
6030
6031
6032
6033
6034
6035
6037
6038
6040
6041
6042
6043
6044
6045
6049
6050
6051
6052
6053
6054
6055
6057
6059
6060
6061
6062
6063
6065
6067
6068
6069
6070
6071
6073
6074
6077
6078
6079
6080
6082
6083
6084
6085
6087
6089
6090
6091
6092
6093
6094
6095
6097
6098
6099
6100
6101
6102
6103
6104
6105
6107
6108
6109
6110
6111
6112
6114
6115
6117
6118
6119
6121
6122
6123
6124
6125
6127
6128
6129
6130
6131
6132
6133
6137
6138
6139
6140
6141
6142
6143
6144
6145
6147
6148
6149
6150
6151
6152
6153
6154
6155
6157
6158
6159
6160
6161
6163
6164
6165
6167
6168
6169
6170
6171
6172
6173
6174
6175
6177
6178
6179
6180
6181
6182
6183
6184
6185
6187
6188
6189
6190
6191
6192
6193
6194
6195
6197
6198
6199
6200
6201
6202
6203
6204
6205
6207
6208
6209
6210
6211
6212
6213
6214
6215
6217
6218
6219
6220
6221
6222
6223
6224
6225
6227
6228
6229
6230
6231
6232
6233
6234
6235
6237
6238
6239
6240
6241
6243
6244
6245
6247
6248
6249
6251
6252
6253
6254
6255
6257
6258
6259
6260
6261
6263
6264
6265
6267
6268
6269
6270
6271
6274
6275
6277
6278
6279
6280
6281
6282
6283
6284
6285
6287
6288
6289
6290
6291
6292
6293
6294
6295
6298
6299
6300
6301
6303
6305
6308
6309
6310
6311
6312
6313
6314
6315
6320
6321
6322
6323
6328
6329
6331
6332
6333
6334
6335
6337
6338
6339
6340
6341
6342
6343
6344
6345
6347
6348
6349
6350
6351
6352
6353
6354
6355
6357
6359
6360
6361
6362
6363
6364
6365
6367
6368
6369
6370
6371
6372
6374
6375
6377
6378
6379
6380
6382
6383
6384
6385
6387
6388
6389
6390
6391
6392
6394
6395
6397
6398
6399
6400
6401
6402
6403
6404
6405
6407
6408
6409
6410
6411
6412
6413
6414
6415
6417
6418
6419
6420
6421
6422
6423
6425
6427
6429
6430
6431
6433
6434
6435
6437
6438
6440
6441
6442
6443
6444
6447
6449
6451
6452
6453
6454
6455
6458
6459
6460
6461
6462
6463
6464
6465
6467
6469
6470
6471
6472
6473
6474
6475
6478
6479
6480
6481
6482
6484
6485
6487
6488
6489
6490
6491
6492
6493
6495
6504
6505
6507
6508
6509
6510
6511
6512
6514
6515
6517
6518
6519
6520
6522
6523
6524
6527
6528
6529
6530
6531
6532
6533
6535
6537
6538
6539
6540
6541
6542
6544
6545
6547
6548
6549
6550
6551
6552
6554
6555
6557
6558
6559
6560
6561
6562
6563
6564
6565
6567
6568
6569
6570
6571
6572
6573
6574
6575
6577
6578
6579
6580
6581
6582
6583
6585
6587
6588
6589
6590
6591
6592
6593
6594
6595
6597
6598
6599
6600
6601
6602
6603
6604
6605
6607
6609
6610
6611
6612
6613
6615
6617
6618
6620
6621
6622
6623
6624
6625
6627
6628
6629
6630
6631
6633
6634
6635
6637
6638
6639
6640
6641
6642
6643
6644
6645
6647
6648
6649
6650
6651
6652
6653
6654
6655
6657
6659
6660
6661
6662
6663
6664
6665
6667
6668
6669
6670
6671
6672
6673
6674
6675
6677
6678
6680
6681
6682
6683
6684
6685
6687
6688
6689
6690
6691
6692
6695
6697
6698
6699
6700
6701
6702
6703
6704
6705
6707
6708
6709
6710
6711
6712
6713
6714
6717
6718
6719
6720
6721
6722
6723
6724
6725
6727
6728
6729
6730
6731
6732
6733
6734
6737
6738
6739
6740
6741
6742
6743
6744
6745
6747
6748
6749
6750
6751
6752
6753
6754
6755
6757
6758
6759
6760
6761
6762
6763
6764
6765
6767
6770
6771
6772
6773
6774
6775
6777
6778
6779
6781
6782
6783
6784
6787
6788
6789
6790
6791
6792
6793
6795
6797
6798
6799
6800
6801
6802
6803
6804
6805
6807
6808
6809
6810
6811
6812
6813
6814
6815
6817
6818
6819
6820
6821
6822
6823
6824
6825
6827
6828
6829
6830
6831
6832
6833
6834
6835
6837
6838
6839
6840
6841
6843
6844
6845
6847
6849
6850
6851
6852
6853
6855
6857
6858
6859
6860
6861
6862
6863
6864
6867
6868
6869
6870
6873
6874
6878
6879
6881
6882
6884
6887
6888
6890
6891
6897
6898
6899
6903
6905
6908
6909
6910
6911
6912
6914
6915
6917
6919
6920
6921
6922
6923
6924
6925
6927
6928
6930
6931
6932
6933
6934
6937
6938
6939
6940
6941
6942
6943
6944
6949
6950
6951
6952
6953
6954
6955
6958
6959
6960
6962
6963
6964
6965
6967
6970
6971
6972
6973
6974
6975
6977
6979
6980
6987
6988
6989
6990
6991
6992
6993
6994
6995
6998
6999
7000
7001
7002
7003
7004
7005
7007
7008
7009
7010
7011
7012
7014
7015
7017
7018
7021
7022
7023
7024
7025
7027
7028
7030
7032
7033
7034
7038
7039
7040
7043
7044
7047
7048
7049
7050
7052
7053
7054
7055
7057
7058
7059
7061
7062
7063
7064
7065
7068
7069
7070
7071
7072
7073
7074
7075
7077
7078
7079
7080
7081
7083
7084
7085
7087
7088
7089
7090
7091
7092
7093
7094
7095
7097
7098
7099
7100
7101
7102
7103
7104
7105
7107
7108
7109
7110
7111
7112
7113
7114
7115
7117
7118
7120
7121
7123
7124
7127
7128
7130
7131
7132
7133
7134
7135
7137
7138
7139
7140
7141
7142
7143
7144
7145
7147
7148
7149
7150
7151
7152
7153
7154
7155
7157
7158
7159
7160
7161
7162
7163
7164
7165
7167
7168
7169
7170
7171
7172
7173
7174
7175
7177
7179
7180
7181
7182
7183
7187
7188
7189
7190
7191
7192
7194
7195
7197
7198
7199
7201
7202
7203
7204
7205
7208
7209
7210
7213
7217
7218
7219
7221
7225
7227
7228
7229
7230
7231
7232
7233
7234
7235
7238
7239
7240
7241
7242
7243
7244
7245
7247
7248
7249
7250
7251
7252
7253
7254
7255
7257
7258
7259
7260
7261
7262
7263
7264
7265
7267
7268
7270
7271
7272
7273
7274
7275
7277
7278
7279
7280
7281
7282
7283
7284
7287
7289
7290
7291
7292
7293
7294
7295
7297
7298
7299
7300
7301
7302
7303
7304
7305
7307
7308
7309
7311
7312
7313
7314
7315
7317
7318
7319
7320
7321
7322
7323
7324
7325
7327
7328
7329
7330
7331
7333
7334
7335
7337
7338
7339
7340
7341
7342
7343
7344
7345
7347
7348
7349
7350
7351
7352
7353
7354
7355
7357
7358
7359
7360
7361
7362
7363
7364
7365
7367
7368
7369
7370
7372
7373
7374
7375
7377
7378
7379
7380
7381
7382
7383
7384
7385
7387
7388
7389
7390
7391
7392
7393
7394
7397
7399
7400
7401
7402
7403
7404
7405
7407
7408
7409
7410
7411
7412
7413
7414
7415
7417
7419
7420
7421
7422
7423
7424
7425
7427
7428
7429
7430
7431
7432
7433
7434
7435
7437
7438
7439
7440
7441
7442
7444
7445
7447
7450
7451
7452
7453
7454
7455
7457
7458
7459
7460
7461
7462
7463
7464
7467
7468
7469
7470
7471
7472
7473
7474
7475
7478
7479
7480
7481
7482
7483
7484
7485
7487
7488
7489
7490
7491
7492
7493
7494
7495
7497
7498
7499
7500
7501
7502
7503
7504
7507
7508
7509
7511
7513
7515
7517
7518
7519
7520
7522
7523
7524
7525
7527
7528
7529
7530
7531
7532
7533
7534
7535
7537
7538
7539
7540
7541
7542
7543
7544
7545
7547
7548
7549
7550
7551
7552
7553
7554
7555
7557
7558
7559
7560
7561
7562
7563
7567
7568
7569
7570
7571
7573
7574
7575
7577
7578
7579
7580
7581
7582
7583
7584
7585
7587
7588
7589
7590
7591
7592
7593
7594
7595
7597
7598
7599
7600
7601
7602
7603
7604
7605
7607
7608
7609
7610
7611
7612
7613
7614
7615
7617
7618
7619
7620
7622
7623
7624
7625
7628
7629
7630
7631
7632
7633
7634
7635
7637
7638
7639
7640
7641
7642
7643
7644
7645
7647
7648
7649
7651
7652
7653
7654
7655
7657
7658
7659
7661
7662
7663
7664
7665
7667
7668
7669
7670
7671
7672
7673
7674
7675
7677
7678
7679
7680
7681
7682
7683
7684
7685
7688
7689
7690
7691
7692
7693
7694
7695
7697
7698
7699
7700
7701
7702
7703
7704
7705
7707
7708
7710
7711
7712
7713
7714
7715
7717
7718
7719
7720
7721
7722
7723
7724
7725
7727
7728
7729
7730
7731
7732
7733
7734
7735
7737
7738
7741
7742
7744
7747
7748
7749
7750
7751
7752
7753
7754
7755
7757
7758
7759
7760
7761
7762
7763
7764
7765
7767
7768
7769
7770
7771
7772
7774
7778
7779
7780
7781
7782
7783
7784
7785
7787
7788
7789
7790
7791
7792
7793
7794
7795
7797
7798
7799
7800
7801
7803
7804
7805
7807
7808
7809
7810
7811
7812
7813
7814
7815
7817
7819
7820
7821
7822
7823
7824
7825
7827
7828
7829
7830
7831
7832
7833
7834
7835
7837
7838
7839
7840
7841
7842
7843
7844
7845
7847
7848
7849
7850
7851
7852
7853
7854
7857
7858
7859
7860
7861
7862
7863
7864
7865
7867
7868
7869
7870
7871
7872
7873
7877
7878
7879
7880
7881
7882
7883
7884
7885
7887
7888
7889
7890
7891
7892
7893
7894
7895
7897
7898
7899
7900
7901
7903
7904
7905
7907
7908
7909
7910
7911
7912
7913
7914
7915
7917
7918
7919
7920
7921
7922
7923
7924
7925
7927
7929
7930
7931
7932
7933
7934
7935
7937
7938
7939
7940
7941
7942
7943
7944
7945
7947
7948
7949
7950
7951
7952
7953
7954
7955
7958
7959
7960
7961
7962
7964
7965
7967
7968
7969
7970
7971
7972
7975
7977
7979
7980
7981
7982
7983
7984
7985
7989
7990
7991
7992
7993
7994
7995
7997
7998
7999
8000
8001
8002
8003
8004
8005
8007
8008
8009
8012
8013
8014
8015
8017
8018
8020
8021
8022
8023
8024
8025
8027
8028
8029
8030
8031
8032
8033
8034
8035
8037
8038
8039
8040
8041
8042
8043
8044
8045
8047
8049
8050
8051
8052
8053
8054
8055
8057
8058
8059
8060
8061
8062
8063
8064
8065
8067
8068
8069
8071
8072
8073
8074
8075
8077
8078
8079
8080
8081
8082
8084
8085
8087
8088
8089
8090
8091
8092
8093
8094
8095
8097
8098
8099
8100
8101
8102
8103
8104
8105
8107
8108
8109
8110
8111
8112
8113
8114
8115
8117
8118
8119
8120
8121
8122
8123
8124
8125
8127
8129
8130
8132
8134
8135
8137
8138
8139
8142
8144
8145
8148
8149
8150
8152
8153
8154
8155
8157
8159
8160
8161
8162
8168
8169
8170
8171
8172
8173
8174
8175
8177
8178
8179
8180
8181
8182
8184
8185
8187
8188
8189
8190
8191
8192
8193
8194
8195
8197
8198
8199
8200
8202
8203
8204
8207
8208
8209
8210
8211
8212
8213
8214
8215
8217
8218
8219
8220
8222
8223
8225
8228
8229
8230
8231
8232
8233
8234
8235
8237
8238
8239
8240
8241
8242
8243
8244
8245
8247
8248
8249
8251
8252
8253
8254
8255
8257
8258
8259
8260
8261
8262
8263
8264
8265
8267
8268
8269
8270
8271
8273
8274
8275
8277
8278
8281
8282
8283
8284
8285
8287
8288
8289
8290
8291
8292
8293
8294
8295
8297
8299
8300
8302
8303
8304
8305
8307
8308
8309
8310
8311
8312
8313
8314
8315
8317
8318
8319
8320
8321
8322
8323
8324
8325
8327
8328
8329
8330
8331
8332
8351
8352
8353
8354
8355
8357
8358
8359
8361
8362
8363
8364
8365
8367
8368
8369
8370
8374
8375
8377
8378
8380
8381
8382
8383
8384
8385
8387
8388
8389
8390
8391
8395
8397
8398
8399
8400
8401
8402
8403
8404
8405
8407
8408
8409
8410
8411
8413
8414
8415
8417
8418
8419
8420
8421
8422
8424
8425
8430
8431
8432
8433
8434
8435
8437
8439
8440
8441
8442
8444
8445
8447
8448
8449
8451
8452
8455
8457
8458
8462
8463
8464
8465
8467
8468
8469
8470
8472
8473
8474
8475
8477
8478
8480
8481
8482
8483
8484
8485
8487
8488
8493
8494
8498
8499
8500
8501
8503
8504
8505
8507
8508
8509
8510
8511
8512
8513
8514
8515
8517
8518
8519
8520
8521
8522
8523
8524
8525
8527
8528
8529
8530
8531
8532
8533
8535
8538
8539
8540
8541
8542
8543
8544
8545
8547
8548
8550
8551
8552
8553
8554
8557
8558
8559
8560
8561
8562
8563
8564
8565
8567
8568
8570
8571
8572
8573
8574
8575
8577
8578
8579
8580
8581
8582
8583
8584
8585
8587
8588
8590
8591
8592
8593
8597
8598
8599
8602
8605
8610
8611
8613
8615
8617
8618
8620
8625
8627
8628
8630
8631
8632
8633
8634
8635
8637
8638
8639
8640
8641
8642
8643
8644
8645
8647
8648
8649
8650
8652
8653
8654
8655
8658
8659
8661
8662
8663
8664
8665
8667
8668
8669
8670
8671
8672
8674
8675
8678
8679
8680
8681
8682
8683
8684
8685
8687
8688
8691
8692
8693
8694
8695
8697
8698
8699
8700
8701
8702
8703
8705
8707
8708
8710
8711
8712
8715
8717
8720
8721
8722
8723
8724
8725
8727
8728
8730
8732
8733
8734
8735
8738
8739
8740
8741
8742
8743
8744
8745
8747
8748
8749
8750
8752
8753
8754
8755
8758
8759
8760
8761
8762
8763
8764
8765
8767
8768
8769
8770
8771
8772
8774
8775
8778
8779
8780
8781
8782
8784
8785
8788
8789
8790
8791
8792
8793
8794
8795
8797
8798
8799
8800
8801
8802
8803
8805
8807
8808
8809
8810
8811
8813
8814
8815
8817
8818
8819
8820
8821
8822
8824
8825
8827
8828
8829
8830
8832
8833
8834
8835
8837
8838
8839
8840
8841
8842
8843
8844
8845
8847
8848
8849
8850
8851
8852
8853
8854
8855
8860
8861
8862
8863
8864
8865
8867
8868
8869
8874
8875
8877
8878
8879
8880
8881
8882
8883
8884
8885
8887
8889
8890
8892
8893
8894
8895
8897
8898
8899
8900
8902
8903
8904
8905
8907
8908
8911
8912
8914
8917
8918
8919
8920
8921
8923
8924
8927
8928
8931
8932
8933
8934
8935
8937
8938
8939
8940
8941
8942
8947
8949
8950
8951
8952
8953
8954
8955
8957
8958
8960
8962
8964
8965
8968
8969
8970
8971
8972
8973
8974
8978
8980
8981
8982
8984
8985
8987
8988
8990
8991
8992
8993
8994
8995
8997
8998
8999
9001
9002
9003
9004
9005
9007
9009
9010
9011
9012
9013
9014
9015
9018
9019
9020
9021
9022
9023
9024
9025
9027
9028
9029
9030
9031
9032
9033
9034
9035
9037
9038
9039
9040
9041
9042
9043
9044
9045
9047
9048
9049
9050
9051
9052
9053
9054
9055
9057
9058
9059
9060
9061
9062
9063
9064
9065
9067
9068
9069
9070
9071
9072
9073
9077
9083
9084
9085
9089
9090
9091
9093
9094
9095
9097
9098
9099
9100
9101
9102
9104
9105
9107
9108
9109
9110
9111
9112
9113
9114
9117
9118
9119
9120
9121
9122
9123
9124
9125
9127
9128
9129
9130
9131
9132
9133
9134
9135
9137
9138
9139
9140
9141
9142
9143
9145
9147
9148
9149
9150
9151
9152
9153
9154
9155
9157
9158
9159
9160
9161
9162
9163
9164
9165
9167
9168
9169
9170
9171
9172
9173
9174
9175
9177
9179
9182
9183
9184
9185
9187
9188
9189
9190
9191
9192
9193
9194
9195
9197
9198
9199
9200
9201
9202
9203
9204
9205
9207
9208
9209
9211
9212
9213
9214
9215
9217
9218
9219
9221
9222
9223
9224
9225
9227
9228
9229
9230
9232
9233
9235
9237
9238
9239
9240
9241
9243
9244
9245
9247
9248
9249
9250
9251
9252
9253
9254
9255
9257
9258
9260
9261
9262
9263
9264
9265
9267
9268
9269
9271
9272
9273
9274
9275
9277
9278
9280
9281
9282
9283
9284
9285
9287
9288
9289
9290
9291
9292
9293
9294
9295
9297
9298
9299
9300
9301
9303
9304
9305
9307
9308
9309
9310
9311
9312
9313
9314
9315
9317
9318
9319
9320
9321
9322
9323
9324
9327
9328
9329
9331
9332
9333
9334
9335
9337
9338
9340
9341
9342
9343
9348
9349
9350
9351
9352
9353
9354
9355
9357
9358
9359
9360
9361
9362
9363
9364
9365
9368
9369
9370
9371
9372
9373
9374
9375
9377
9378
9379
9380
9381
9382
9383
9384
9385
9387
9388
9389
9390
9391
9392
9393
9397
9398
9399
9400
9401
9402
9403
9404
9405
9407
9408
9409
9410
9411
9412
9413
9414
9417
9418
9419
9420
9421
9423
9424
9425
9427
9428
9429
9430
9431
9432
9433
9434
9435
9437
9438
9439
9440
9441
9442
9443
9444
9445
9447
9448
9449
9450
9451
9452
9453
9454
9455
9457
9458
9459
9460
9461
9462
9463
9464
9465
9467
9468
9469
9470
9471
9472
9473
9474
9475
9477
9478
9479
9480
9481
9482
9483
9484
9485
9488
9489
9490
9491
9493
9494
9495
9497
9498
9499
9500
9502
9503
9504
9505
9507
9508
9509
9510
9511
9512
9513
9514
9515
9517
9518
9519
9520
9521
9522
9523
9524
9525
9527
9528
9529
9530
9532
9533
9534
9535
9538
9539
9540
9541
9542
9543
9544
9545
9547
9548
9549
9550
9551
9552
9553
9554
9555
9557
9558
9559
9560
9561
9562
9563
9564
9565
9567
9568
9569
9570
9571
9572
9573
9574
9575
9577
9578
9579
9580
9581
9582
9583
9584
9585
9587
9588
9589
9590
9591
9592
9593
9594
9595
9597
9599
9600
9602
9603
9604
9605
9607
9608
9609
9610
9612
9613
9614
9615
9617
9618
9619
9620
9621
9623
9624
9625
9627
9628
9629
9630
9631
9632
9633
9634
9635
9637
9638
9639
9640
9641
9642
9643
9644
9645
9647
9648
9649
9650
9651
9652
9653
9654
9655
9657
9658
9659
9660
9661
9662
9663
9664
9665
9667
9668
9669
9670
9671
9672
9673
9674
9675
9677
9678
9679
9680
9681
9682
9683
9684
9685
9687
9688
9689
9690
9691
9692
9693
9694
9695
9697
9698
9699
9700
9701
9702
9703
9704
9705
9707
9708
9709
9710
9711
9712
9713
9714
9715
9717
9718
9719
9720
9721
9722
9723
9724
9725
9727
9728
9729
9730
9732
9733
9734
9735
9737
9738
9739
9740
9741
9742
9743
9744
9745
9747
9748
9749
9750
9751
9752
9753
9754
9755
9757
9758
9759
9760
9761
9762
9763
9764
9765
9767
9768
9769
9770
9771
9772
9773
9774
9775
9777
9778
9779
9780
9781
9782
9783
9784
9785
9787
9788
9789
9790
9791
9792
9793
9794
9795
9797
9798
9799
9800
9801
9802
9803
9804
9805
9807
9808
9809
9810
9811
9812
9813
9814
9815
9817
9818
9819
9820
9822
9823
9824
9825
9829
9830
9831
9832
9833
9835
9837
9838
9839
9840
9841
9842
9843
9844
9845
9847
9848
9849
9850
9851
9852
9853
9854
9855
9857
9858
9859
9860
9861
9862
9863
9864
9865
9867
9868
9869
9870
9871
9872
9873
9874
9875
9877
9878
9879
9880
9881
9882
9883
9884
9885
9887
9888
9889
9890
9891
9892
9893
9894
9895
9898
9899
9900
9901
9902
9903
9904
9905
9907
9908
9909
9910
9911
9912
9913
9914
9915
9917
9918
9919
9920
9921
9922
9923
9924
9925
9927
9928
9930
9931
9932
9933
9935
9937
9938
9940
9941
9942
9943
9944
9945
9947
9948
9949
9950
9952
9953
9954
9957
9958
9959
9960
9961
9962
9963
9964
9965
9967
9968
9969
9970
9971
9974
9975
9977
9978
9979
9980
9981
9982
9983
9984
9985
9987
9988
9989
9990
9991
9992
9993
9994
9995
9997
9998
9999
