10000
10001
10002
10003
10004
10005
10006
10007
10009
10010
10011
10012
10013
10014
10015
10016
10017
10019
10022
10023
10024
10025
10026
10027
10029
10030
10031
10033
10034
10035
10036
10037
10039
10040
10041
10042
10043
10044
10045
10046
10047
10049
10050
10051
10052
10053
10054
10055
10056
10057
10059
10060
10061
10062
10063
10065
10066
10067
10069
10070
10071
10072
10073
10074
10075
10076
10077
10079
10080
10081
10083
10084
10087
10089
10091
10092
10093
10094
10095
10096
10097
10099
10101
10102
10103
10104
10105
10106
10107
10111
10112
10113
10115
10116
10117
10119
10120
10121
10122
10123
10124
10125
10126
10127
10129
10130
10131
10132
10133
10134
10135
10136
10137
10140
10141
10142
10143
10144
10145
10146
10147
10149
10150
10151
10152
10153
10154
10155
10156
10157
10159
10160
10161
10162
10163
10164
10165
10166
10167
10169
10170
10171
10172
10173
10174
10175
10176
10177
10179
10180
10181
10182
10183
10184
10185
10186
10187
10189
10190
10191
10192
10193
10194
10195
10196
10197
10199
10201
10202
10203
10204
10205
10206
10207
10209
10210
10211
10212
10213
10214
10215
10216
10217
10219
10220
10221
10222
10223
10224
10225
10226
10227
10229
10230
10231
10232
10233
10234
10235
10236
10237
10239
10240
10241
10242
10243
10244
10245
10246
10247
10249
10250
10251
10252
10253
10254
10255
10256
10257
10260
10261
10262
10263
10264
10265
10266
10269
10270
10271
10272
10273
10274
10275
10276
10277
10279
10280
10281
10282
10283
10284
10285
10286
10287
10289
10290
10291
10292
10293
10294
10295
10296
10297
10299
10300
10301
10302
10303
10304
10305
10306
10307
10309
10310
10311
10312
10313
10314
10315
10316
10317
10319
10320
10321
10322
10323
10324
10325
10326
10327
10330
10331
10332
10333
10334
10335
10336
10337
10339
10340
10341
10342
10343
10344
10345
10346
10347
10349
10350
10351
10352
10353
10354
10355
10356
10357
10361
10362
10363
10364
10366
10367
10369
10370
10371
10372
10373
10374
10375
10376
10377
10379
10380
10381
10382
10383
10384
10385
10386
10387
10389
10390
10391
10392
10393
10394
10396
10397
10399
10400
10401
10402
10403
10404
10405
10406
10407
10409
10410
10411
10412
10413
10414
10415
10416
10417
10419
10420
10421
10422
10423
10424
10425
10426
10427
10429
10430
10431
10432
10433
10434
10435
10439
10440
10441
10443
10444
10446
10447
10449
10450
10451
10453
10454
10455
10459
10460
10461
10462
10463
10464
10465
10466
10467
10469
10470
10471
10472
10473
10474
10475
10476
10477
10479
10482
10483
10484
10486
10487
10492
10493
10494
10495
10496
10497
10499
10500
10502
10504
10507
10509
10510
10511
10512
10513
10515
10517
10519
10520
10521
10522
10523
10524
10525
10526
10527
10529
10530
10532
10533
10534
10536
10537
10542
10543
10544
10547
10549
10550
10551
10552
10553
10554
10555
10556
10557
10559
10560
10561
10562
10563
10564
10565
10566
10567
10569
10570
10571
10572
10574
10575
10577
10579
10580
10581
10582
10583
10584
10585
10586
10587
10589
10590
10591
10592
10593
10594
10595
10596
10597
10599
10600
10601
10602
10603
10604
10605
10606
10607
10609
10610
10611
10612
10613
10614
10615
10616
10617
10620
10621
10622
10623
10624
10625
10626
10627
10629
10630
10631
10632
10633
10635
10636
10637
10639
10640
10641
10642
10644
10645
10646
10647
10649
10650
10651
10652
10653
10654
10656
10657
10659
10660
10661
10662
10663
10664
10665
10666
10667
10669
10670
10671
10672
10673
10674
10676
10677
10679
10680
10681
10682
10684
10685
10686
10687
10689
10690
10691
10692
10693
10694
10695
10696
10697
10699
10701
10702
10703
10704
10705
10706
10707
10709
10710
10711
10713
10714
10715
10717
10719
10720
10722
10723
10724
10725
10726
10730
10731
10732
10733
10734
10735
10736
10737
10739
10740
10741
10742
10743
10745
10746
10747
10749
10751
10752
10753
10754
10755
10756
10757
10759
10760
10761
10762
10764
10765
10766
10767
10769
10770
10771
10772
10773
10774
10775
10776
10777
10779
10780
10783
10784
10785
10786
10787
10789
10790
10791
10793
10794
10795
10796
10797
10799
10800
10801
10802
10803
10804
10805
10806
10807
10809
10810
10811
10812
10813
10815
10816
10817
10819
10820
10821
10822
10823
10824
10825
10826
10827
10829
10830
10832
10833
10834
10835
10836
10837
10839
10840
10841
10842
10843
10845
10846
10847
10849
10850
10851
10852
10853
10854
10855
10856
10857
10859
10860
10861
10862
10863
10864
10865
10866
10867
10869
10870
10871
10872
10873
10874
10875
10876
10877
10879
10880
10881
10882
10883
10884
10885
10886
10887
10889
10890
10891
10892
10893
10894
10896
10897
10899
10900
10901
10902
10903
10905
10906
10907
10909
10910
10911
10912
10914
10915
10916
10917
10919
10920
10921
10922
10923
10924
10925
10926
10927
10929
10930
10931
10932
10933
10934
10935
10936
10937
10939
10940
10941
10943
10944
10945
10946
10947
10949
10951
10953
10954
10955
10956
10957
10959
10961
10962
10963
10964
10966
10967
10969
10970
10971
10972
10973
10974
10975
10976
10977
10979
10980
10981
10982
10983
10984
10985
10986
10987
10989
10990
10991
10992
10993
10994
10995
10996
10997
10999
11000
11001
11002
11003
11004
11005
11006
11007
11009
11010
11011
11012
11013
11014
11015
11016
11017
11019
11020
11021
11022
11023
11024
11025
11026
11027
11029
11030
11031
11032
11033
11035
11036
11037
11039
11040
11041
11042
11043
11044
11047
11049
11050
11051
11052
11053
11054
11055
11056
11057
11059
11060
11061
11062
11063
11064
11065
11066
11067
11069
11070
11071
11072
11073
11074
11076
11077
11079
11081
11082
11083
11084
11085
11086
11089
11090
11091
11092
11093
11094
11095
11096
11097
11099
11100
11101
11102
11103
11104
11105
11106
11107
11109
11111
11112
11113
11114
11115
11116
11117
11119
11120
11121
11122
11123
11124
11129
11130
11131
11132
11133
11134
11135
11136
11137
11139
11140
11141
11142
11143
11145
11146
11147
11149
11150
11151
11152
11153
11154
11155
11156
11157
11159
11160
11161
11162
11163
11164
11165
11166
11167
11169
11170
11171
11172
11173
11174
11176
11177
11179
11180
11181
11182
11183
11184
11185
11186
11187
11189
11190
11191
11192
11193
11194
11195
11196
11197
11199
11200
11201
11202
11203
11204
11205
11206
11207
11209
11210
11211
11212
11213
11214
11215
11216
11217
11219
11220
11221
11222
11223
11224
11225
11226
11227
11229
11230
11231
11232
11233
11234
11235
11236
11237
11239
11240
11241
11242
11243
11244
11245
11246
11247
11249
11250
11251
11252
11253
11254
11255
11257
11259
11261
11262
11263
11265
11266
11269
11270
11271
11272
11273
11274
11275
11276
11277
11279
11280
11281
11282
11283
11284
11285
11286
11287
11289
11290
11291
11292
11293
11294
11295
11296
11297
11299
11302
11303
11304
11305
11306
11307
11310
11311
11313
11314
11315
11316
11317
11319
11320
11321
11322
11323
11324
11325
11326
11327
11329
11330
11331
11332
11333
11334
11335
11336
11337
11339
11340
11341
11342
11343
11344
11346
11347
11349
11350
11351
11352
11353
11354
11355
11356
11357
11359
11360
11361
11362
11363
11364
11365
11366
11367
11369
11370
11371
11372
11373
11374
11375
11376
11377
11379
11380
11381
11382
11384
11385
11386
11387
11389
11390
11391
11392
11393
11394
11395
11396
11397
11399
11400
11402
11403
11404
11405
11406
11407
11409
11410
11411
11412
11413
11414
11415
11416
11417
11419
11420
11421
11422
11423
11424
11425
11426
11427
11429
11430
11431
11432
11433
11435
11436
11437
11439
11440
11441
11442
11443
11444
11445
11446
11447
11449
11450
11451
11452
11453
11454
11455
11456
11457
11459
11462
11463
11464
11465
11466
11467
11470
11471
11472
11473
11474
11475
11477
11479
11480
11481
11482
11483
11484
11485
11486
11487
11489
11490
11491
11492
11493
11494
11495
11496
11497
11499
11500
11501
11502
11503
11504
11505
11506
11507
11509
11510
11511
11512
11513
11514
11515
11516
11517
11519
11520
11521
11522
11523
11524
11526
11527
11529
11530
11531
11532
11533
11534
11535
11536
11537
11539
11540
11541
11542
11543
11544
11545
11546
11547
11549
11550
11551
11552
11553
11554
11555
11556
11557
11559
11560
11561
11562
11563
11564
11565
11566
11569
11570
11571
11572
11573
11574
11575
11576
11577
11579
11580
11581
11582
11583
11584
11585
11586
11587
11589
11590
11591
11592
11593
11594
11595
11596
11597
11599
11600
11601
11602
11603
11604
11605
11606
11607
11609
11610
11611
11612
11613
11614
11615
11616
11617
11619
11620
11621
11622
11623
11624
11625
11627
11629
11630
11631
11632
11633
11634
11635
11636
11637
11639
11640
11641
11642
11643
11644
11645
11646
11647
11649
11650
11651
11652
11653
11654
11655
11656
11657
11659
11660
11661
11663
11664
11665
11666
11667
11669
11671
11672
11673
11674
11675
11676
5835
5836
5837
5839
5840
5841
5842
5843
5844
5845
5846
5847
5849
5851
5852
5853
5854
5855
5856
5859
5860
5861
5862
5863
5865
5867
5869
5870
5871
5872
5873
5874
5876
5877
5880
5881
5882
5883
5884
5885
5886
5887
5889
5890
5893
5894
5895
5896
5897
5899
5900
5901
5902
5903
5904
5905
5906
5907
5910
5911
5912
5913
5915
5916
5917
5920
5921
5922
5923
5926
5929
5930
5931
5933
5934
5936
5937
5939
5940
5941
5942
5943
5944
5945
5946
5947
5949
5950
5951
5952
5954
5955
5956
5957
5960
5961
5962
5963
5965
5966
5967
5969
5970
5971
5972
5973
5974
5975
5976
5977
5979
5980
5981
5982
5983
5984
5985
5986
5987
5989
5990
5991
5992
5993
5994
5995
5996
6000
6001
6002
6003
6004
6005
6006
6007
6009
6011
6012
6013
6014
6015
6016
6017
6019
6020
6021
6022
6023
6024
6025
6026
6027
6029
6030
6031
6032
6033
6034
6035
6036
6037
6040
6041
6042
6043
6044
6045
6046
6049
6050
6051
6052
6053
6054
6055
6057
6059
6060
6061
6062
6063
6065
6067
6069
6070
6071
6073
6074
6077
6079
6080
6082
6083
6084
6085
6086
6087
6089
6090
6091
6092
6093
6094
6095
6096
6097
6099
6100
6101
6102
6103
6104
6105
6106
6107
6109
6110
6111
6112
6114
6115
6116
6117
6119
6121
6122
6123
6124
6125
6126
6127
6129
6130
6131
6132
6133
6136
6137
6139
6140
6141
6142
6143
6144
6145
6146
6147
6149
6150
6151
6152
6153
6154
6155
6156
6157
6159
6160
6161
6163
6164
6165
6166
6167
6169
6170
6171
6172
6173
6174
6175
6176
6177
6179
6180
6181
6182
6183
6184
6185
6186
6187
6189
6190
6191
6192
6193
6194
6195
6197
6199
6200
6201
6202
6203
6204
6205
6206
6207
6209
6210
6211
6212
6213
6214
6215
6216
6217
6219
6220
6221
6222
6223
6224
6225
6226
6227
6229
6230
6231
6232
6233
6234
6235
6236
6237
6239
6240
6241
6243
6244
6245
6246
6247
6249
6251
6252
6253
6254
6255
6256
6257
6259
6260
6261
6263
6264
6265
6266
6267
6269
6270
6271
6274
6275
6276
6277
6279
6280
6281
6282
6283
6284
6285
6286
6287
6289
6290
6291
6292
6293
6294
6295
6299
6300
6301
6303
6305
6309
6310
6311
6312
6313
6314
6315
6316
6320
6321
6322
6323
6326
6329
6331
6332
6333
6334
6335
6336
6337
6339
6340
6341
6342
6343
6344
6345
6346
6347
6349
6350
6351
6352
6353
6354
6355
6356
6357
6359
6360
6361
6362
6363
6364
6365
6366
6367
6369
6370
6371
6372
6374
6375
6376
6377
6379
6380
6382
6383
6384
6385
6386
6387
6389
6390
6391
6392
6394
6395
6396
6397
6399
6400
6401
6402
6403
6404
6405
6406
6407
6409
6410
6411
6412
6413
6414
6415
6416
6417
6419
6420
6421
6422
6423
6425
6427
6429
6430
6431
6433
6434
6435
6437
6440
6441
6442
6443
6444
6447
6449
6451
6452
6453
6454
6455
6459
6460
6461
6462
6463
6464
6465
6466
6467
6469
6470
6471
6472
6473
6474
6475
6476
6479
6480
6481
6482
6484
6485
6486
6487
6489
6490
6491
6492
6493
6495
6496
6504
6505
6506
6507
6509
6510
6511
6512
6514
6515
6516
6517
6519
6520
6522
6523
6524
6527
6529
6530
6531
6532
6533
6535
6536
6537
6539
6540
6541
6542
6544
6545
6546
6547
6549
6550
6551
6552
6554
6555
6556
6557
6559
6560
6561
6562
6563
6564
6565
6567
6569
6570
6571
6572
6573
6574
6575
6576
6577
6579
6580
6581
6582
6583
6585
6586
6587
6589
6590
6591
6592
6593
6594
6595
6596
6597
6599
6600
6601
6602
6603
6604
6605
6606
6607
6609
6610
6611
6612
6613
6615
6617
6620
6621
6622
6623
6624
6625
6626
6627
6629
6630
6631
6633
6634
6635
6637
6639
6640
6641
6642
6643
6644
6645
6646
6647
6649
6650
6651
6652
6653
6654
6655
6656
6657
6659
6660
6661
6662
6663
6664
6665
6666
6667
6669
6670
6671
6672
6673
6674
6675
6676
6677
6680
6681
6682
6683
6684
6685
6686
6687
6689
6690
6691
6692
6695
6696
6697
6699
6700
6701
6702
6703
6704
6705
6706
6707
6709
6710
6711
6712
6713
6714
6716
6717
6719
6720
6721
6722
6723
6724
6725
6726
6727
6729
6730
6731
6732
6733
6734
6736
6737
6739
6740
6741
6742
6743
6744
6745
6746
6747
6749
6750
6751
6752
6753
6754
6755
6756
6757
6759
6760
6761
6762
6763
6764
6765
6766
6767
6770
6771
6772
6773
6774
6775
6777
6779
6781
6782
6783
6784
6787
6789
6790
6791
6792
6793
6795
6797
6799
6800
6801
6802
6803
6804
6805
6806
6807
6809
6810
6811
6812
6813
6814
6815
6816
6817
6819
6820
6821
6822
6823
6824
6825
6826
6827
6829
6830
6831
6832
6833
6834
6835
6836
6837
6839
6840
6841
6843
6844
6845
6847
6849
6850
6851
6852
6853
6855
6856
6857
6859
6860
6861
6862
6863
6864
6866
6867
6869
6870
6873
6874
6879
6881
6882
6884
6886
6887
6890
6891
6896
6897
6899
6903
6905
6909
6910
6911
6912
6914
6915
6916
6917
6919
6920
6921
6922
6923
6924
6925
6926
6927
6930
6931
6932
6933
6934
6936
6937
6939
6940
6941
6942
6943
6944
6946
6949
6950
6951
6952
6953
6954
6955
6956
6959
6960
6962
6963
6964
6965
6966
6967
6970
6971
6972
6973
6974
6975
6976
6977
6979
6980
6986
6987
6989
6990
6991
6992
6993
6994
6995
6996
6999
7000
7001
7002
7003
7004
7005
7006
7007
7009
7010
7011
7012
7014
7015
7016
7017
7021
7022
7023
7024
7025
7027
7030
7032
7033
7034
7039
7040
7043
7044
7046
7047
7049
7050
7052
7053
7054
7055
7056
7057
7059
7061
7062
7063
7064
7065
7069
7070
7071
7072
7073
7074
7075
7076
7077
7079
7080
7081
7083
7084
7085
7087
7089
7090
7091
7092
7093
7094
7095
7096
7097
7099
7100
7101
7102
7103
7104
7105
7106
7107
7109
7110
7111
7112
7113
7114
7115
7116
7117
7120
7121
7123
7124
7126
7127
7130
7131
7132
7133
7134
7135
7136
7137
7139
7140
7141
7142
7143
7144
7145
7146
7147
7149
7150
7151
7152
7153
7154
7155
7156
7157
7159
7160
7161
7162
7163
7164
7165
7166
7167
7169
7170
7171
7172
7173
7174
7175
7176
7177
7179
7180
7181
7182
7183
7186
7187
7189
7190
7191
7192
7194
7195
7196
7197
7199
7201
7202
7203
7204
7205
7209
7210
7213
7216
7217
7219
7221
7225
7227
7229
7230
7231
7232
7233
7234
7235
7239
7240
7241
7242
7243
7244
7245
7246
7247
7249
7250
7251
7252
7253
7254
7255
7256
7257
7259
7260
7261
7262
7263
7264
7265
7266
7267
7270
7271
7272
7273
7274
7275
7276
7277
7279
7280
7281
7282
7283
7284
7286
7287
7289
7290
7291
7292
7293
7294
7295
7296
7297
7299
7300
7301
7302
7303
7304
7305
7306
7307
7309
7311
7312
7313
7314
7315
7316
7317
7319
7320
7321
7322
7323
7324
7325
7326
7327
7329
7330
7331
7333
7334
7335
7336
7337
7339
7340
7341
7342
7343
7344
7345
7346
7347
7349
7350
7351
7352
7353
7354
7355
7356
7357
7359
7360
7361
7362
7363
7364
7365
7366
7367
7369
7370
7372
7373
7374
7375
7376
7377
7379
7380
7381
7382
7383
7384
7385
7386
7387
7389
7390
7391
7392
7393
7394
7396
7397
7399
7400
7401
7402
7403
7404
7405
7406
7407
7409
7410
7411
7412
7413
7414
7415
7416
7417
7419
7420
7421
7422
7423
7424
7425
7426
7427
7429
7430
7431
7432
7433
7434
7435
7436
7437
7439
7440
7441
7442
7444
7445
7446
7447
7450
7451
7452
7453
7454
7455
7456
7457
7459
7460
7461
7462
7463
7464
7466
7467
7469
7470
7471
7472
7473
7474
7475
7476
7479
7480
7481
7482
7483
7484
7485
7486
7487
7489
7490
7491
7492
7493
7494
7495
7496
7497
7499
7500
7501
7502
7503
7504
7506
7507
7509
7511
7513
7515
7516
7517
7519
7520
7522
7523
7524
7525
7526
7527
7529
7530
7531
7532
7533
7534
7535
7536
7537
7539
7540
7541
7542
7543
7544
7545
7546
7547
7549
7550
7551
7552
7553
7554
7555
7556
7557
7559
7560
7561
7562
7563
7566
7567
7569
7570
7571
7573
7574
7575
7576
7577
7579
7580
7581
7582
7583
7584
7585
7586
7587
7589
7590
7591
7592
7593
7594
7595
7596
7597
7599
7600
7601
7602
7603
7604
7605
7606
7607
7609
7610
7611
7612
7613
7614
7615
7616
7617
7619
7620
7622
7623
7624
7625
7626
7629
7630
7631
7632
7633
7634
7635
7636
7637
7639
7640
7641
7642
7643
7644
7645
7646
7647
7649
7651
7652
7653
7654
7655
7656
7657
7659
7661
7662
7663
7664
7665
7666
7667
7669
7670
7671
7672
7673
7674
7675
7676
7677
7679
7680
7681
7682
7683
7684
7685
7689
7690
7691
7692
7693
7694
7695
7697
7699
7700
7701
7702
7703
7704
7705
7706
7707
7710
7711
7712
7713
7714
7715
7716
7717
7719
7720
7721
7722
7723
7724
7725
7726
7727
7729
7730
7731
7732
7733
7734
7735
7736
7737
7741
7742
7744
7746
7747
7749
7750
7751
7752
7753
7754
7755
7756
7757
7759
7760
7761
7762
7763
7764
7765
7766
7767
7769
7770
7771
7772
7774
7776
7779
7780
7781
7782
7783
7784
7785
7786
7787
7789
7790
7791
7792
7793
7794
7795
7796
7797
7799
7800
7801
7803
7804
7805
7806
7807
7809
7810
7811
7812
7813
7814
7815
7816
7817
7819
7820
7821
7822
7823
7824
7825
7826
7827
7829
7830
7831
7832
7833
7834
7835
7836
7837
7839
7840
7841
7842
7843
7844
7845
7846
7847
7849
7850
7851
7852
7853
7854
7856
7857
7859
7860
7861
7862
7863
7864
7865
7866
7867
7869
7870
7871
7872
7873
7876
7877
7879
7880
7881
7882
7883
7884
7885
7886
7887
7889
7890
7891
7892
7893
7894
7895
7897
7899
7900
7901
7903
7904
7905
7906
7907
7909
7910
7911
7912
7913
7914
7915
7916
7917
7919
7920
7921
7922
7923
7924
7925
7926
7927
7929
7930
7931
7932
7933
7934
7935
7936
7937
7939
7940
7941
7942
7943
7944
7945
7946
7947
7949
7950
7951
7952
7953
7954
7955
7956
7959
7960
7961
7962
7964
7965
7966
7967
7969
7970
7971
7972
7975
7976
7977
7979
7980
7981
7982
7983
7984
7985
7986
7989
7990
7991
7992
7993
7994
7995
7997
7999
8000
8001
8002
8003
8004
8005
8006
8007
8009
8012
8013
8014
8015
8016
8017
8020
8021
8022
8023
8024
8025
8026
8027
8029
8030
8031
8032
8033
8034
8035
8036
8037
8039
8040
8041
8042
8043
8044
8045
8046
8047
8049
8050
8051
8052
8053
8054
8055
8056
8057
8059
8060
8061
8062
8063
8064
8065
8066
8067
8069
8071
8072
8073
8074
8075
8076
8077
8079
8080
8081
8082
8084
8085
8086
8087
8089
8090
8091
8092
8093
8094
8095
8096
8097
8099
8100
8101
8102
8103
8104
8105
8106
8107
8109
8110
8111
8112
8113
8114
8115
8116
8117
8119
8120
8121
8122
8123
8124
8125
8126
8127
8129
8130
8132
8134
8135
8136
8137
8139
8142
8144
8145
8146
8149
8150
8152
8153
8154
8155
8156
8157
8159
8160
8161
8162
8166
8169
8170
8171
8172
8173
8174
8175
8176
8177
8179
8180
8181
8182
8184
8185
8186
8187
8189
8190
8191
8192
8193
8194
8195
8196
8197
8199
8200
8202
8203
8204
8206
8207
8209
8210
8211
8212
8213
8214
8215
8216
8217
8219
8220
8222
8223
8225
8226
8229
8230
8231
8232
8233
8234
8235
8236
8237
8239
8240
8241
8242
8243
8244
8245
8247
8249
8251
8252
8253
8254
8255
8256
8257
8259
8260
8261
8262
8263
8264
8265
8266
8267
8269
8270
8271
8273
8274
8275
8276
8277
8281
8282
8283
8284
8285
8286
8287
8289
8290
8291
8292
8293
8294
8295
8296
8297
8299
8300
8302
8303
8304
8305
8306
8307
8309
8310
8311
8312
8313
8314
8315
8316
8317
8319
8320
8321
8322
8323
8324
8325
8326
8327
8329
8330
8331
8332
8351
8352
8353
8354
8355
8356
8357
8359
8361
8362
8363
8364
8365
8366
8367
8369
8370
8374
8375
8376
8377
8380
8381
8382
8383
8384
8385
8386
8387
8389
8390
8391
8395
8396
8397
8399
8400
8401
8402
8403
8404
8405
8406
8407
8409
8410
8411
8413
8414
8415
8416
8417
8419
8420
8421
8422
8424
8425
8430
8431
8432
8433
8434
8435
8436
8437
8439
8440
8441
8442
8444
8445
8446
8447
8449
8451
8452
8455
8456
8457
8462
8463
8464
8465
8466
8467
8469
8470
8472
8473
8474
8475
8476
8477
8480
8481
8482
8483
8484
8485
8486
8487
8493
8494
8496
8499
8500
8501
8503
8504
8505
8506
8507
8509
8510
8511
8512
8513
8514
8515
8516
8517
8519
8520
8521
8522
8523
8524
8525
8527
8529
8530
8531
8532
8533
8535
8536
8539
8540
8541
8542
8543
8544
8545
8546
8547
8550
8551
8552
8553
8554
8556
8557
8559
8560
8561
8562
8563
8564
8565
8566
8567
8570
8571
8572
8573
8574
8575
8577
8579
8580
8581
8582
8583
8584
8585
8587
8590
8591
8592
8593
8596
8597
8599
8602
8605
8606
8610
8611
8613
8615
8616
8617
8620
8625
8626
8627
8630
8631
8632
8633
8634
8635
8637
8639
8640
8641
8642
8643
8644
8645
8646
8647
8649
8650
8652
8653
8654
8655
8656
8659
8661
8662
8663
8664
8665
8666
8667
8669
8670
8671
8672
8674
8675
8676
8679
8680
8681
8682
8683
8684
8685
8686
8687
8691
8692
8693
8694
8695
8696
8697
8699
8700
8701
8702
8703
8705
8706
8707
8710
8711
8712
8715
8716
8717
8720
8721
8722
8723
8724
8725
8726
8727
8730
8732
8733
8734
8735
8736
8739
8740
8741
8742
8743
8744
8745
8747
8749
8750
8752
8753
8754
8755
8756
8759
8760
8761
8762
8763
8764
8765
8766
8767
8769
8770
8771
8772
8774
8775
8776
8779
8780
8781
8782
8784
8785
8786
8789
8790
8791
8792
8793
8794
8795
8796
8797
8799
8800
8801
8802
8803
8805
8806
8807
8809
8810
8811
8813
8814
8815
8816
8817
8819
8820
8821
8822
8824
8825
8826
8827
8829
8830
8832
8833
8834
8835
8836
8837
8839
8840
8841
8842
8843
8844
8845
8846
8847
8849
8850
8851
8852
8853
8854
8855
8856
8860
8861
8862
8863
8864
8865
8866
8867
8869
8874
8875
8876
8877
8879
8880
8881
8882
8883
8884
8885
8886
8887
8889
8890
8892
8893
8894
8895
8897
8899
8900
8902
8903
8904
8905
8907
8911
8912
8914
8916
8917
8919
8920
8921
8923
8924
8926
8927
8931
8932
8933
8934
8935
8936
8937
8939
8940
8941
8942
8946
8947
8949
8950
8951
8952
8953
8954
8955
8956
8957
8960
8962
8964
8965
8966
8969
8970
8971
8972
8973
8974
8976
8980
8981
8982
8984
8985
8986
8987
8990
8991
8992
8993
8994
8995
8996
8997
8999
9001
9002
9003
9004
9005
9006
9007
9009
9010
9011
9012
9013
9014
9015
9019
9020
9021
9022
9023
9024
9025
9026
9027
9029
9030
9031
9032
9033
9034
9035
9036
9037
9039
9040
9041
9042
9043
9044
9045
9046
9047
9049
9050
9051
9052
9053
9054
9055
9056
9057
9059
9060
9061
9062
9063
9064
9065
9066
9067
9069
9070
9071
9072
9073
9076
9077
9083
9084
9085
9086
9089
9090
9091
9093
9094
9095
9096
9097
9099
9100
9101
9102
9104
9105
9106
9107
9109
9110
9111
9112
9113
9114
9116
9117
9119
9120
9121
9122
9123
9124
9125
9127
9129
9130
9131
9132
9133
9134
9135
9136
9137
9139
9140
9141
9142
9143
9145
9146
9147
9149
9150
9151
9152
9153
9154
9155
9156
9157
9159
9160
9161
9162
9163
9164
9165
9166
9167
9169
9170
9171
9172
9173
9174
9175
9176
9177
9179
9182
9183
9184
9185
9186
9187
9189
9190
9191
9192
9193
9194
9195
9196
9197
9199
9200
9201
9202
9203
9204
9205
9206
9207
9209
9211
9212
9213
9214
9215
9216
9217
9219
9221
9222
9223
9224
9225
9227
9229
9230
9232
9233
9235
9236
9237
9239
9240
9241
9243
9244
9245
9246
9247
9249
9250
9251
9252
9253
9254
9255
9256
9257
9260
9261
9262
9263
9264
9265
9266
9267
9269
9271
9272
9273
9274
9275
9276
9277
9280
9281
9282
9283
9284
9285
9286
9287
9289
9290
9291
9292
9293
9294
9295
9296
9297
9299
9300
9301
9303
9304
9305
9306
9307
9309
9310
9311
9312
9313
9314
9315
9317
9319
9320
9321
9322
9323
9324
9326
9327
9329
9331
9332
9333
9334
9335
9336
9337
9340
9341
9342
9343
9346
9349
9350
9351
9352
9353
9354
9355
9356
9357
9359
9360
9361
9362
9363
9364
9365
9366
9369
9370
9371
9372
9373
9374
9375
9376
9377
9379
9380
9381
9382
9383
9384
9385
9386
9387
9389
9390
9391
9392
9393
9397
9399
9400
9401
9402
9403
9404
9405
9407
9409
9410
9411
9412
9413
9414
9416
9417
9419
9420
9421
9423
9424
9425
9426
9427
9429
9430
9431
9432
9433
9434
9435
9436
9437
9439
9440
9441
9442
9443
9444
9445
9446
9447
9449
9450
9451
9452
9453
9454
9455
9456
9457
9459
9460
9461
9462
9463
9464
9465
9466
9467
9469
9470
9471
9472
9473
9474
9475
9476
9477
9479
9480
9481
9482
9483
9484
9485
9486
9489
9490
9491
9493
9494
9495
9496
9497
9499
9500
9502
9503
9504
9505
9506
9507
9509
9510
9511
9512
9513
9514
9515
9516
9517
9519
9520
9521
9522
9523
9524
9525
9526
9527
9529
9530
9532
9533
9534
9535
9536
9539
9540
9541
9542
9543
9544
9545
9546
9547
9549
9550
9551
9552
9553
9554
9555
9556
9557
9559
9560
9561
9562
9563
9564
9565
9566
9567
9569
9570
9571
9572
9573
9574
9575
9576
9577
9579
9580
9581
9582
9583
9584
9585
9586
9587
9589
9590
9591
9592
9593
9594
9595
9596
9597
9599
9600
9602
9603
9604
9605
9606
9607
9609
9610
9612
9613
9614
9615
9616
9617
9619
9620
9621
9623
9624
9625
9626
9627
9629
9630
9631
9632
9633
9634
9635
9636
9637
9639
9640
9641
9642
9643
9644
9645
9646
9647
9649
9650
9651
9652
9653
9654
9655
9656
9657
9659
9660
9661
9662
9663
9664
9665
9666
9667
9669
9670
9671
9672
9673
9674
9675
9676
9677
9679
9680
9681
9682
9683
9684
9685
9686
9687
9689
9690
9691
9692
9693
9694
9695
9696
9697
9699
9700
9701
9702
9703
9704
9705
9706
9707
9709
9710
9711
9712
9713
9714
9715
9716
9717
9719
9720
9721
9722
9723
9724
9725
9726
9727
9729
9730
9732
9733
9734
9735
9736
9737
9739
9740
9741
9742
9743
9744
9745
9746
9747
9749
9750
9751
9752
9753
9754
9755
9756
9757
9759
9760
9761
9762
9763
9764
9765
9766
9767
9769
9770
9771
9772
9773
9774
9775
9776
9777
9779
9780
9781
9782
9783
9784
9785
9786
9787
9789
9790
9791
9792
9793
9794
9795
9796
9797
9799
9800
9801
9802
9803
9804
9805
9806
9807
9809
9810
9811
9812
9813
9814
9815
9816
9817
9819
9820
9822
9823
9824
9825
9826
9829
9830
9831
9832
9833
9835
9836
9837
9839
9840
9841
9842
9843
9844
9845
9846
9847
9849
9850
9851
9852
9853
9854
9855
9856
9857
9859
9860
9861
9862
9863
9864
9865
9866
9867
9869
9870
9871
9872
9873
9874
9875
9876
9877
9879
9880
9881
9882
9883
9884
9885
9886
9887
9889
9890
9891
9892
9893
9894
9895
9899
9900
9901
9902
9903
9904
9905
9906
9907
9909
9910
9911
9912
9913
9914
9915
9916
9917
9919
9920
9921
9922
9923
9924
9925
9927
9930
9931
9932
9933
9935
9936
9937
9940
9941
9942
9943
9944
9945
9947
9949
9950
9952
9953
9954
9957
9959
9960
9961
9962
9963
9964
9965
9966
9967
9969
9970
9971
9974
9975
9977
9979
9980
9981
9982
9983
9984
9985
9986
9987
9989
9990
9991
9992
9993
9994
9995
9996
9997
9999
