10000 10000
10001 10001
10002 10002
10003 10003
10004 10004
10005 10005
10006 10006
10007 10007
10008 10008
10009 10009
10010 10010
10011 10011
10012 10012
10013 10013
10014 10014
10015 10015
10016 10016
10017 10017
10018 10018
10019 10019
10022 10022
10023 10023
10024 10024
10025 10025
10026 10026
10027 10027
10028 10028
10029 10029
10030 10030
10031 10031
10033 10033
10034 10034
10035 10035
10036 10036
10037 10037
10038 10038
10039 10039
10040 10040
10041 10041
10042 10042
10043 10043
10044 10044
10045 10045
10046 10046
10047 10047
10049 10049
10050 10050
10051 10051
10052 10052
10053 10053
10054 10054
10055 10055
10056 10056
10057 10057
10059 10059
10060 10060
10061 10061
10062 10062
10063 10063
10065 10065
10066 10066
10067 10067
10068 10068
10069 10069
10070 10070
10071 10071
10072 10072
10073 10073
10074 10074
10075 10075
10076 10076
10077 10077
10078 10078
10079 10079
10080 10080
10081 10081
10083 10083
10084 10084
10087 10087
10089 10089
10091 10091
10092 10092
10093 10093
10094 10094
10095 10095
10096 10096
10097 10097
10098 10098
10099 10099
10101 10101
10102 10102
10103 10103
10104 10104
10105 10105
10106 10106
10107 10107
10108 10108
10111 10111
10112 10112
10113 10113
10115 10115
10116 10116
10117 10117
10118 10118
10119 10119
10120 10120
10121 10121
10122 10122
10123 10123
10124 10124
10125 10125
10126 10126
10127 10127
10128 10128
10129 10129
10130 10130
10131 10131
10132 10132
10133 10133
10134 10134
10135 10135
10136 10136
10137 10137
10138 10138
10140 10140
10141 10141
10142 10142
10143 10143
10144 10144
10145 10145
10146 10146
10147 10147
10148 10148
10149 10149
10150 10150
10151 10151
10152 10152
10153 10153
10154 10154
10155 10155
10156 10156
10157 10157
10158 10158
10159 10159
10160 10160
10161 10161
10162 10162
10163 10163
10164 10164
10165 10165
10166 10166
10167 10167
10168 10168
10169 10169
10170 10170
10171 10171
10172 10172
10173 10173
10174 10174
10175 10175
10176 10176
10177 10177
10178 10178
10179 10179
10180 10180
10181 10181
10182 10182
10183 10183
10184 10184
10185 10185
10186 10186
10187 10187
10188 10188
10189 10189
10190 10190
10191 10191
10192 10192
10193 10193
10194 10194
10195 10195
10196 10196
10197 10197
10199 10199
10201 10201
10202 10202
10203 10203
10204 10204
10205 10205
10206 10206
10207 10207
10208 10208
10209 10209
10210 10210
10211 10211
10212 10212
10213 10213
10214 10214
10215 10215
10216 10216
10217 10217
10218 10218
10219 10219
10220 10220
10221 10221
10222 10222
10223 10223
10224 10224
10225 10225
10226 10226
10227 10227
10228 10228
10229 10229
10230 10230
10231 10231
10232 10232
10233 10233
10234 10234
10235 10235
10236 10236
10237 10237
10238 10238
10239 10239
10240 10240
10241 10241
10242 10242
10243 10243
10244 10244
10245 10245
10246 10246
10247 10247
10248 10248
10249 10249
10250 10250
10251 10251
10252 10252
10253 10253
10254 10254
10255 10255
10256 10256
10257 10257
10258 10258
10260 10260
10261 10261
10262 10262
10263 10263
10264 10264
10265 10265
10266 10266
10268 10268
10269 10269
10270 10270
10271 10271
10272 10272
10273 10273
10274 10274
10275 10275
10276 10276
10277 10277
10278 10278
10279 10279
10280 10280
10281 10281
10282 10282
10283 10283
10284 10284
10285 10285
10286 10286
10287 10287
10288 10288
10289 10289
10290 10290
10291 10291
10292 10292
10293 10293
10294 10294
10295 10295
10296 10296
10297 10297
10298 10298
10299 10299
10300 10300
10301 10301
10302 10302
10303 10303
10304 10304
10305 10305
10306 10306
10307 10307
10308 10308
10309 10309
10310 10310
10311 10311
10312 10312
10313 10313
10314 10314
10315 10315
10316 10316
10317 10317
10318 10318
10319 10319
10320 10320
10321 10321
10322 10322
10323 10323
10324 10324
10325 10325
10326 10326
10327 10327
10328 10328
10330 10330
10331 10331
10332 10332
10333 10333
10334 10334
10335 10335
10336 10336
10337 10337
10338 10338
10339 10339
10340 10340
10341 10341
10342 10342
10343 10343
10344 10344
10345 10345
10346 10346
10347 10347
10348 10348
10349 10349
10350 10350
10351 10351
10352 10352
10353 10353
10354 10354
10355 10355
10356 10356
10357 10357
10358 10358
10361 10361
10362 10362
10363 10363
10364 10364
10366 10366
10367 10367
10368 10368
10369 10369
10370 10370
10371 10371
10372 10372
10373 10373
10374 10374
10375 10375
10376 10376
10377 10377
10378 10378
10379 10379
10380 10380
10381 10381
10382 10382
10383 10383
10384 10384
10385 10385
10386 10386
10387 10387
10388 10388
10389 10389
10390 10390
10391 10391
10392 10392
10393 10393
10394 10394
10396 10396
10397 10397
10398 10398
10399 10399
10400 10400
10401 10401
10402 10402
10403 10403
10404 10404
10405 10405
10406 10406
10407 10407
10408 10408
10409 10409
10410 10410
10411 10411
10412 10412
10413 10413
10414 10414
10415 10415
10416 10416
10417 10417
10418 10418
10419 10419
10420 10420
10421 10421
10422 10422
10423 10423
10424 10424
10425 10425
10426 10426
10427 10427
10428 10428
10429 10429
10430 10430
10431 10431
10432 10432
10433 10433
10434 10434
10435 10435
10439 10439
10440 10440
10441 10441
10443 10443
10444 10444
10446 10446
10447 10447
10448 10448
10449 10449
10450 10450
10451 10451
10453 10453
10454 10454
10455 10455
10459 10459
10460 10460
10461 10461
10462 10462
10463 10463
10464 10464
10465 10465
10466 10466
10467 10467
10468 10468
10469 10469
10470 10470
10471 10471
10472 10472
10473 10473
10474 10474
10475 10475
10476 10476
10477 10477
10478 10478
10479 10479
10482 10482
10483 10483
10484 10484
10486 10486
10487 10487
10492 10492
10493 10493
10494 10494
10495 10495
10496 10496
10497 10497
10499 10499
10500 10500
10502 10502
10504 10504
10507 10507
10509 10509
10510 10510
10511 10511
10512 10512
10513 10513
10515 10515
10517 10517
10518 10518
10519 10519
10520 10520
10521 10521
10522 10522
10523 10523
10524 10524
10525 10525
10526 10526
10527 10527
10528 10528
10529 10529
10530 10530
10532 10532
10533 10533
10534 10534
10536 10536
10537 10537
10538 10538
10542 10542
10543 10543
10544 10544
10547 10547
10548 10548
10549 10549
10550 10550
10551 10551
10552 10552
10553 10553
10554 10554
10555 10555
10556 10556
10557 10557
10558 10558
10559 10559
10560 10560
10561 10561
10562 10562
10563 10563
10564 10564
10565 10565
10566 10566
10567 10567
10569 10569
10570 10570
10571 10571
10572 10572
10574 10574
10575 10575
10577 10577
10578 10578
10579 10579
10580 10580
10581 10581
10582 10582
10583 10583
10584 10584
10585 10585
10586 10586
10587 10587
10588 10588
10589 10589
10590 10590
10591 10591
10592 10592
10593 10593
10594 10594
10595 10595
10596 10596
10597 10597
10598 10598
10599 10599
10600 10600
10601 10601
10602 10602
10603 10603
10604 10604
10605 10605
10606 10606
10607 10607
10608 10608
10609 10609
10610 10610
10611 10611
10612 10612
10613 10613
10614 10614
10615 10615
10616 10616
10617 10617
10618 10618
10620 10620
10621 10621
10622 10622
10623 10623
10624 10624
10625 10625
10626 10626
10627 10627
10628 10628
10629 10629
10630 10630
10631 10631
10632 10632
10633 10633
10635 10635
10636 10636
10637 10637
10638 10638
10639 10639
10640 10640
10641 10641
10642 10642
10644 10644
10645 10645
10646 10646
10647 10647
10648 10648
10649 10649
10650 10650
10651 10651
10652 10652
10653 10653
10654 10654
10656 10656
10657 10657
10658 10658
10659 10659
10660 10660
10661 10661
10662 10662
10663 10663
10664 10664
10665 10665
10666 10666
10667 10667
10669 10669
10670 10670
10671 10671
10672 10672
10673 10673
10674 10674
10676 10676
10677 10677
10678 10678
10679 10679
10680 10680
10681 10681
10682 10682
10684 10684
10685 10685
10686 10686
10687 10687
10688 10688
10689 10689
10690 10690
10691 10691
10692 10692
10693 10693
10694 10694
10695 10695
10696 10696
10697 10697
10698 10698
10699 10699
10701 10701
10702 10702
10703 10703
10704 10704
10705 10705
10706 10706
10707 10707
10708 10708
10709 10709
10710 10710
10711 10711
10713 10713
10714 10714
10715 10715
10717 10717
10718 10718
10719 10719
10720 10720
10722 10722
10723 10723
10724 10724
10725 10725
10726 10726
10728 10728
10730 10730
10731 10731
10732 10732
10733 10733
10734 10734
10735 10735
10736 10736
10737 10737
10738 10738
10739 10739
10740 10740
10741 10741
10742 10742
10743 10743
10745 10745
10746 10746
10747 10747
10748 10748
10749 10749
10751 10751
10752 10752
10753 10753
10754 10754
10755 10755
10756 10756
10757 10757
10758 10758
10759 10759
10760 10760
10761 10761
10762 10762
10764 10764
10765 10765
10766 10766
10767 10767
10768 10768
10769 10769
10770 10770
10771 10771
10772 10772
10773 10773
10774 10774
10775 10775
10776 10776
10777 10777
10778 10778
10779 10779
10780 10780
10783 10783
10784 10784
10785 10785
10786 10786
10787 10787
10789 10789
10790 10790
10791 10791
10793 10793
10794 10794
10795 10795
10796 10796
10797 10797
10798 10798
10799 10799
10800 10800
10801 10801
10802 10802
10803 10803
10804 10804
10805 10805
10806 10806
10807 10807
10808 10808
10809 10809
10810 10810
10811 10811
10812 10812
10813 10813
10815 10815
10816 10816
10817 10817
10819 10819
10820 10820
10821 10821
10822 10822
10823 10823
10824 10824
10825 10825
10826 10826
10827 10827
10828 10828
10829 10829
10830 10830
10832 10832
10833 10833
10834 10834
10835 10835
10836 10836
10837 10837
10838 10838
10839 10839
10840 10840
10841 10841
10842 10842
10843 10843
10845 10845
10846 10846
10847 10847
10848 10848
10849 10849
10850 10850
10851 10851
10852 10852
10853 10853
10854 10854
10855 10855
10856 10856
10857 10857
10858 10858
10859 10859
10860 10860
10861 10861
10862 10862
10863 10863
10864 10864
10865 10865
10866 10866
10867 10867
10868 10868
10869 10869
10870 10870
10871 10871
10872 10872
10873 10873
10874 10874
10875 10875
10876 10876
10877 10877
10878 10878
10879 10879
10880 10880
10881 10881
10882 10882
10883 10883
10884 10884
10885 10885
10886 10886
10887 10887
10888 10888
10889 10889
10890 10890
10891 10891
10892 10892
10893 10893
10894 10894
10896 10896
10897 10897
10898 10898
10899 10899
10900 10900
10901 10901
10902 10902
10903 10903
10905 10905
10906 10906
10907 10907
10909 10909
10910 10910
10911 10911
10912 10912
10914 10914
10915 10915
10916 10916
10917 10917
10918 10918
10919 10919
10920 10920
10921 10921
10922 10922
10923 10923
10924 10924
10925 10925
10926 10926
10927 10927
10928 10928
10929 10929
10930 10930
10931 10931
10932 10932
10933 10933
10934 10934
10935 10935
10936 10936
10937 10937
10938 10938
10939 10939
10940 10940
10941 10941
10943 10943
10944 10944
10945 10945
10946 10946
10947 10947
10948 10948
10949 10949
10951 10951
10953 10953
10954 10954
10955 10955
10956 10956
10957 10957
10958 10958
10959 10959
10961 10961
10962 10962
10963 10963
10964 10964
10966 10966
10967 10967
10968 10968
10969 10969
10970 10970
10971 10971
10972 10972
10973 10973
10974 10974
10975 10975
10976 10976
10977 10977
10978 10978
10979 10979
10980 10980
10981 10981
10982 10982
10983 10983
10984 10984
10985 10985
10986 10986
10987 10987
10988 10988
10989 10989
10990 10990
10991 10991
10992 10992
10993 10993
10994 10994
10995 10995
10996 10996
10997 10997
10998 10998
10999 10999
11000 11000
11001 11001
11002 11002
11003 11003
11004 11004
11005 11005
11006 11006
11007 11007
11008 11008
11009 11009
11010 11010
11011 11011
11012 11012
11013 11013
11014 11014
11015 11015
11016 11016
11017 11017
11018 11018
11019 11019
11020 11020
11021 11021
11022 11022
11023 11023
11024 11024
11025 11025
11026 11026
11027 11027
11028 11028
11029 11029
11030 11030
11031 11031
11032 11032
11033 11033
11035 11035
11036 11036
11037 11037
11038 11038
11039 11039
11040 11040
11041 11041
11042 11042
11043 11043
11044 11044
11047 11047
11048 11048
11049 11049
11050 11050
11051 11051
11052 11052
11053 11053
11054 11054
11055 11055
11056 11056
11057 11057
11058 11058
11059 11059
11060 11060
11061 11061
11062 11062
11063 11063
11064 11064
11065 11065
11066 11066
11067 11067
11068 11068
11069 11069
11070 11070
11071 11071
11072 11072
11073 11073
11074 11074
11076 11076
11077 11077
11078 11078
11079 11079
11081 11081
11082 11082
11083 11083
11084 11084
11085 11085
11086 11086
11089 11089
11090 11090
11091 11091
11092 11092
11093 11093
11094 11094
11095 11095
11096 11096
11097 11097
11098 11098
11099 11099
11100 11100
11101 11101
11102 11102
11103 11103
11104 11104
11105 11105
11106 11106
11107 11107
11108 11108
11109 11109
11111 11111
11112 11112
11113 11113
11114 11114
11115 11115
11116 11116
11117 11117
11118 11118
11119 11119
11120 11120
11121 11121
11122 11122
11123 11123
11124 11124
11128 11128
11129 11129
11130 11130
11131 11131
11132 11132
11133 11133
11134 11134
11135 11135
11136 11136
11137 11137
11138 11138
11139 11139
11140 11140
11141 11141
11142 11142
11143 11143
11145 11145
11146 11146
11147 11147
11148 11148
11149 11149
11150 11150
11151 11151
11152 11152
11153 11153
11154 11154
11155 11155
11156 11156
11157 11157
11158 11158
11159 11159
11160 11160
11161 11161
11162 11162
11163 11163
11164 11164
11165 11165
11166 11166
11167 11167
11168 11168
11169 11169
11170 11170
11171 11171
11172 11172
11173 11173
11174 11174
11176 11176
11177 11177
11178 11178
11179 11179
11180 11180
11181 11181
11182 11182
11183 11183
11184 11184
11185 11185
11186 11186
11187 11187
11188 11188
11189 11189
11190 11190
11191 11191
11192 11192
11193 11193
11194 11194
11195 11195
11196 11196
11197 11197
11198 11198
11199 11199
11200 11200
11201 11201
11202 11202
11203 11203
11204 11204
11205 11205
11206 11206
11207 11207
11208 11208
11209 11209
11210 11210
11211 11211
11212 11212
11213 11213
11214 11214
11215 11215
11216 11216
11217 11217
11218 11218
11219 11219
11220 11220
11221 11221
11222 11222
11223 11223
11224 11224
11225 11225
11226 11226
11227 11227
11228 11228
11229 11229
11230 11230
11231 11231
11232 11232
11233 11233
11234 11234
11235 11235
11236 11236
11237 11237
11239 11239
11240 11240
11241 11241
11242 11242
11243 11243
11244 11244
11245 11245
11246 11246
11247 11247
11248 11248
11249 11249
11250 11250
11251 11251
11252 11252
11253 11253
11254 11254
11255 11255
11257 11257
11258 11258
11259 11259
11261 11261
11262 11262
11263 11263
11265 11265
11266 11266
11268 11268
11269 11269
11270 11270
11271 11271
11272 11272
11273 11273
11274 11274
11275 11275
11276 11276
11277 11277
11278 11278
11279 11279
11280 11280
11281 11281
11282 11282
11283 11283
11284 11284
11285 11285
11286 11286
11287 11287
11288 11288
11289 11289
11290 11290
11291 11291
11292 11292
11293 11293
11294 11294
11295 11295
11296 11296
11297 11297
11298 11298
11299 11299
11302 11302
11303 11303
11304 11304
11305 11305
11306 11306
11307 11307
11308 11308
11310 11310
11311 11311
11313 11313
11314 11314
11315 11315
11316 11316
11317 11317
11318 11318
11319 11319
11320 11320
11321 11321
11322 11322
11323 11323
11324 11324
11325 11325
11326 11326
11327 11327
11328 11328
11329 11329
11330 11330
11331 11331
11332 11332
11333 11333
11334 11334
11335 11335
11336 11336
11337 11337
11338 11338
11339 11339
11340 11340
11341 11341
11342 11342
11343 11343
11344 11344
11346 11346
11347 11347
11348 11348
11349 11349
11350 11350
11351 11351
11352 11352
11353 11353
11354 11354
11355 11355
11356 11356
11357 11357
11358 11358
11359 11359
11360 11360
11361 11361
11362 11362
11363 11363
11364 11364
11365 11365
11366 11366
11367 11367
11368 11368
11369 11369
11370 11370
11371 11371
11372 11372
11373 11373
11374 11374
11375 11375
11376 11376
11377 11377
11378 11378
11379 11379
11380 11380
11381 11381
11382 11382
11384 11384
11385 11385
11386 11386
11387 11387
11388 11388
11389 11389
11390 11390
11391 11391
11392 11392
11393 11393
11394 11394
11395 11395
11396 11396
11397 11397
11398 11398
11399 11399
11400 11400
11402 11402
11403 11403
11404 11404
11405 11405
11406 11406
11407 11407
11408 11408
11409 11409
11410 11410
11411 11411
11412 11412
11413 11413
11414 11414
11415 11415
11416 11416
11417 11417
11418 11418
11419 11419
11420 11420
11421 11421
11422 11422
11423 11423
11424 11424
11425 11425
11426 11426
11427 11427
11428 11428
11429 11429
11430 11430
11431 11431
11432 11432
11433 11433
11435 11435
11436 11436
11437 11437
11439 11439
11440 11440
11441 11441
11442 11442
11443 11443
11444 11444
11445 11445
11446 11446
11447 11447
11448 11448
11449 11449
11450 11450
11451 11451
11452 11452
11453 11453
11454 11454
11455 11455
11456 11456
11457 11457
11458 11458
11459 11459
11462 11462
11463 11463
11464 11464
11465 11465
11466 11466
11467 11467
11468 11468
11470 11470
11471 11471
11472 11472
11473 11473
11474 11474
11475 11475
11477 11477
11478 11478
11479 11479
11480 11480
11481 11481
11482 11482
11483 11483
11484 11484
11485 11485
11486 11486
11487 11487
11488 11488
11489 11489
11490 11490
11491 11491
11492 11492
11493 11493
11494 11494
11495 11495
11496 11496
11497 11497
11498 11498
11499 11499
11500 11500
11501 11501
11502 11502
11503 11503
11504 11504
11505 11505
11506 11506
11507 11507
11508 11508
11509 11509
11510 11510
11511 11511
11512 11512
11513 11513
11514 11514
11515 11515
11516 11516
11517 11517
11518 11518
11519 11519
11520 11520
11521 11521
11522 11522
11523 11523
11524 11524
11526 11526
11527 11527
11528 11528
11529 11529
11530 11530
11531 11531
11532 11532
11533 11533
11534 11534
11535 11535
11536 11536
11537 11537
11538 11538
11539 11539
11540 11540
11541 11541
11542 11542
11543 11543
11544 11544
11545 11545
11546 11546
11547 11547
11548 11548
11549 11549
11550 11550
11551 11551
11552 11552
11553 11553
11554 11554
11555 11555
11556 11556
11557 11557
11558 11558
11559 11559
11560 11560
11561 11561
11562 11562
11563 11563
11564 11564
11565 11565
11566 11566
11568 11568
11569 11569
11570 11570
11571 11571
11572 11572
11573 11573
11574 11574
11575 11575
11576 11576
11577 11577
11578 11578
11579 11579
11580 11580
11581 11581
11582 11582
11583 11583
11584 11584
11585 11585
11586 11586
11587 11587
11588 11588
11589 11589
11590 11590
11591 11591
11592 11592
11593 11593
11594 11594
11595 11595
11596 11596
11597 11597
11598 11598
11599 11599
11600 11600
11601 11601
11602 11602
11603 11603
11604 11604
11605 11605
11606 11606
11607 11607
11608 11608
11609 11609
11610 11610
11611 11611
11612 11612
11613 11613
11614 11614
11615 11615
11616 11616
11617 11617
11618 11618
11619 11619
11620 11620
11621 11621
11622 11622
11623 11623
11624 11624
11625 11625
11627 11627
11628 11628
11629 11629
11630 11630
11631 11631
11632 11632
11633 11633
11634 11634
11635 11635
11636 11636
11637 11637
11638 11638
11639 11639
11640 11640
11641 11641
11642 11642
11643 11643
11644 11644
11645 11645
11646 11646
11647 11647
11648 11648
11649 11649
11650 11650
11651 11651
11652 11652
11653 11653
11654 11654
11655 11655
11656 11656
11657 11657
11658 11658
11659 11659
11660 11660
11661 11661
11663 11663
11664 11664
11665 11665
11666 11666
11667 11667
11668 11668
11669 11669
11671 11671
11672 11672
11673 11673
11674 11674
11675 11675
11676 11676
5835 5835
5836 5836
5837 5837
5839 5839
5840 5840
5841 5841
5842 5842
5843 5843
5844 5844
5845 5845
5846 5846
5847 5847
5848 5848
5849 5849
5851 5851
5852 5852
5853 5853
5854 5854
5855 5855
5856 5856
5858 5858
5859 5859
5860 5860
5861 5861
5862 5862
5863 5863
5865 5865
5867 5867
5868 5868
5869 5869
5870 5870
5871 5871
5872 5872
5873 5873
5874 5874
5876 5876
5877 5877
5878 5878
5880 5880
5881 5881
5882 5882
5883 5883
5884 5884
5885 5885
5886 5886
5887 5887
5888 5888
5889 5889
5890 5890
5893 5893
5894 5894
5895 5895
5896 5896
5897 5897
5898 5898
5899 5899
5900 5900
5901 5901
5902 5902
5903 5903
5904 5904
5905 5905
5906 5906
5907 5907
5910 5910
5911 5911
5912 5912
5913 5913
5915 5915
5916 5916
5917 5917
5918 5918
5920 5920
5921 5921
5922 5922
5923 5923
5926 5926
5929 5929
5930 5930
5931 5931
5933 5933
5934 5934
5936 5936
5937 5937
5938 5938
5939 5939
5940 5940
5941 5941
5942 5942
5943 5943
5944 5944
5945 5945
5946 5946
5947 5947
5948 5948
5949 5949
5950 5950
5951 5951
5952 5952
5954 5954
5955 5955
5956 5956
5957 5957
5958 5958
5960 5960
5961 5961
5962 5962
5963 5963
5965 5965
5966 5966
5967 5967
5968 5968
5969 5969
5970 5970
5971 5971
5972 5972
5973 5973
5974 5974
5975 5975
5976 5976
5977 5977
5978 5978
5979 5979
5980 5980
5981 5981
5982 5982
5983 5983
5984 5984
5985 5985
5986 5986
5987 5987
5988 5988
5989 5989
5990 5990
5991 5991
5992 5992
5993 5993
5994 5994
5995 5995
5996 5996
5998 5998
6000 6000
6001 6001
6002 6002
6003 6003
6004 6004
6005 6005
6006 6006
6007 6007
6008 6008
6009 6009
6011 6011
6012 6012
6013 6013
6014 6014
6015 6015
6016 6016
6017 6017
6018 6018
6019 6019
6020 6020
6021 6021
6022 6022
6023 6023
6024 6024
6025 6025
6026 6026
6027 6027
6028 6028
6029 6029
6030 6030
6031 6031
6032 6032
6033 6033
6034 6034
6035 6035
6036 6036
6037 6037
6038 6038
6040 6040
6041 6041
6042 6042
6043 6043
6044 6044
6045 6045
6046 6046
6049 6049
6050 6050
6051 6051
6052 6052
6053 6053
6054 6054
6055 6055
6057 6057
6059 6059
6060 6060
6061 6061
6062 6062
6063 6063
6065 6065
6067 6067
6068 6068
6069 6069
6070 6070
6071 6071
6073 6073
6074 6074
6077 6077
6078 6078
6079 6079
6080 6080
6082 6082
6083 6083
6084 6084
6085 6085
6086 6086
6087 6087
6089 6089
6090 6090
6091 6091
6092 6092
6093 6093
6094 6094
6095 6095
6096 6096
6097 6097
6098 6098
6099 6099
6100 6100
6101 6101
6102 6102
6103 6103
6104 6104
6105 6105
6106 6106
6107 6107
6108 6108
6109 6109
6110 6110
6111 6111
6112 6112
6114 6114
6115 6115
6116 6116
6117 6117
6118 6118
6119 6119
6121 6121
6122 6122
6123 6123
6124 6124
6125 6125
6126 6126
6127 6127
6128 6128
6129 6129
6130 6130
6131 6131
6132 6132
6133 6133
6136 6136
6137 6137
6138 6138
6139 6139
6140 6140
6141 6141
6142 6142
6143 6143
6144 6144
6145 6145
6146 6146
6147 6147
6148 6148
6149 6149
6150 6150
6151 6151
6152 6152
6153 6153
6154 6154
6155 6155
6156 6156
6157 6157
6158 6158
6159 6159
6160 6160
6161 6161
6163 6163
6164 6164
6165 6165
6166 6166
6167 6167
6168 6168
6169 6169
6170 6170
6171 6171
6172 6172
6173 6173
6174 6174
6175 6175
6176 6176
6177 6177
6178 6178
6179 6179
6180 6180
6181 6181
6182 6182
6183 6183
6184 6184
6185 6185
6186 6186
6187 6187
6188 6188
6189 6189
6190 6190
6191 6191
6192 6192
6193 6193
6194 6194
6195 6195
6197 6197
6198 6198
6199 6199
6200 6200
6201 6201
6202 6202
6203 6203
6204 6204
6205 6205
6206 6206
6207 6207
6208 6208
6209 6209
6210 6210
6211 6211
6212 6212
6213 6213
6214 6214
6215 6215
6216 6216
6217 6217
6218 6218
6219 6219
6220 6220
6221 6221
6222 6222
6223 6223
6224 6224
6225 6225
6226 6226
6227 6227
6228 6228
6229 6229
6230 6230
6231 6231
6232 6232
6233 6233
6234 6234
6235 6235
6236 6236
6237 6237
6238 6238
6239 6239
6240 6240
6241 6241
6243 6243
6244 6244
6245 6245
6246 6246
6247 6247
6248 6248
6249 6249
6251 6251
6252 6252
6253 6253
6254 6254
6255 6255
6256 6256
6257 6257
6258 6258
6259 6259
6260 6260
6261 6261
6263 6263
6264 6264
6265 6265
6266 6266
6267 6267
6268 6268
6269 6269
6270 6270
6271 6271
6274 6274
6275 6275
6276 6276
6277 6277
6278 6278
6279 6279
6280 6280
6281 6281
6282 6282
6283 6283
6284 6284
6285 6285
6286 6286
6287 6287
6288 6288
6289 6289
6290 6290
6291 6291
6292 6292
6293 6293
6294 6294
6295 6295
6298 6298
6299 6299
6300 6300
6301 6301
6303 6303
6305 6305
6308 6308
6309 6309
6310 6310
6311 6311
6312 6312
6313 6313
6314 6314
6315 6315
6316 6316
6320 6320
6321 6321
6322 6322
6323 6323
6326 6326
6328 6328
6329 6329
6331 6331
6332 6332
6333 6333
6334 6334
6335 6335
6336 6336
6337 6337
6338 6338
6339 6339
6340 6340
6341 6341
6342 6342
6343 6343
6344 6344
6345 6345
6346 6346
6347 6347
6348 6348
6349 6349
6350 6350
6351 6351
6352 6352
6353 6353
6354 6354
6355 6355
6356 6356
6357 6357
6359 6359
6360 6360
6361 6361
6362 6362
6363 6363
6364 6364
6365 6365
6366 6366
6367 6367
6368 6368
6369 6369
6370 6370
6371 6371
6372 6372
6374 6374
6375 6375
6376 6376
6377 6377
6378 6378
6379 6379
6380 6380
6382 6382
6383 6383
6384 6384
6385 6385
6386 6386
6387 6387
6388 6388
6389 6389
6390 6390
6391 6391
6392 6392
6394 6394
6395 6395
6396 6396
6397 6397
6398 6398
6399 6399
6400 6400
6401 6401
6402 6402
6403 6403
6404 6404
6405 6405
6406 6406
6407 6407
6408 6408
6409 6409
6410 6410
6411 6411
6412 6412
6413 6413
6414 6414
6415 6415
6416 6416
6417 6417
6418 6418
6419 6419
6420 6420
6421 6421
6422 6422
6423 6423
6425 6425
6427 6427
6429 6429
6430 6430
6431 6431
6433 6433
6434 6434
6435 6435
6437 6437
6438 6438
6440 6440
6441 6441
6442 6442
6443 6443
6444 6444
6447 6447
6449 6449
6451 6451
6452 6452
6453 6453
6454 6454
6455 6455
6458 6458
6459 6459
6460 6460
6461 6461
6462 6462
6463 6463
6464 6464
6465 6465
6466 6466
6467 6467
6469 6469
6470 6470
6471 6471
6472 6472
6473 6473
6474 6474
6475 6475
6476 6476
6478 6478
6479 6479
6480 6480
6481 6481
6482 6482
6484 6484
6485 6485
6486 6486
6487 6487
6488 6488
6489 6489
6490 6490
6491 6491
6492 6492
6493 6493
6495 6495
6496 6496
6504 6504
6505 6505
6506 6506
6507 6507
6508 6508
6509 6509
6510 6510
6511 6511
6512 6512
6514 6514
6515 6515
6516 6516
6517 6517
6518 6518
6519 6519
6520 6520
6522 6522
6523 6523
6524 6524
6527 6527
6528 6528
6529 6529
6530 6530
6531 6531
6532 6532
6533 6533
6535 6535
6536 6536
6537 6537
6538 6538
6539 6539
6540 6540
6541 6541
6542 6542
6544 6544
6545 6545
6546 6546
6547 6547
6548 6548
6549 6549
6550 6550
6551 6551
6552 6552
6554 6554
6555 6555
6556 6556
6557 6557
6558 6558
6559 6559
6560 6560
6561 6561
6562 6562
6563 6563
6564 6564
6565 6565
6567 6567
6568 6568
6569 6569
6570 6570
6571 6571
6572 6572
6573 6573
6574 6574
6575 6575
6576 6576
6577 6577
6578 6578
6579 6579
6580 6580
6581 6581
6582 6582
6583 6583
6585 6585
6586 6586
6587 6587
6588 6588
6589 6589
6590 6590
6591 6591
6592 6592
6593 6593
6594 6594
6595 6595
6596 6596
6597 6597
6598 6598
6599 6599
6600 6600
6601 6601
6602 6602
6603 6603
6604 6604
6605 6605
6606 6606
6607 6607
6609 6609
6610 6610
6611 6611
6612 6612
6613 6613
6615 6615
6617 6617
6618 6618
6620 6620
6621 6621
6622 6622
6623 6623
6624 6624
6625 6625
6626 6626
6627 6627
6628 6628
6629 6629
6630 6630
6631 6631
6633 6633
6634 6634
6635 6635
6637 6637
6638 6638
6639 6639
6640 6640
6641 6641
6642 6642
6643 6643
6644 6644
6645 6645
6646 6646
6647 6647
6648 6648
6649 6649
6650 6650
6651 6651
6652 6652
6653 6653
6654 6654
6655 6655
6656 6656
6657 6657
6659 6659
6660 6660
6661 6661
6662 6662
6663 6663
6664 6664
6665 6665
6666 6666
6667 6667
6668 6668
6669 6669
6670 6670
6671 6671
6672 6672
6673 6673
6674 6674
6675 6675
6676 6676
6677 6677
6678 6678
6680 6680
6681 6681
6682 6682
6683 6683
6684 6684
6685 6685
6686 6686
6687 6687
6688 6688
6689 6689
6690 6690
6691 6691
6692 6692
6695 6695
6696 6696
6697 6697
6698 6698
6699 6699
6700 6700
6701 6701
6702 6702
6703 6703
6704 6704
6705 6705
6706 6706
6707 6707
6708 6708
6709 6709
6710 6710
6711 6711
6712 6712
6713 6713
6714 6714
6716 6716
6717 6717
6718 6718
6719 6719
6720 6720
6721 6721
6722 6722
6723 6723
6724 6724
6725 6725
6726 6726
6727 6727
6728 6728
6729 6729
6730 6730
6731 6731
6732 6732
6733 6733
6734 6734
6736 6736
6737 6737
6738 6738
6739 6739
6740 6740
6741 6741
6742 6742
6743 6743
6744 6744
6745 6745
6746 6746
6747 6747
6748 6748
6749 6749
6750 6750
6751 6751
6752 6752
6753 6753
6754 6754
6755 6755
6756 6756
6757 6757
6758 6758
6759 6759
6760 6760
6761 6761
6762 6762
6763 6763
6764 6764
6765 6765
6766 6766
6767 6767
6770 6770
6771 6771
6772 6772
6773 6773
6774 6774
6775 6775
6777 6777
6778 6778
6779 6779
6781 6781
6782 6782
6783 6783
6784 6784
6787 6787
6788 6788
6789 6789
6790 6790
6791 6791
6792 6792
6793 6793
6795 6795
6797 6797
6798 6798
6799 6799
6800 6800
6801 6801
6802 6802
6803 6803
6804 6804
6805 6805
6806 6806
6807 6807
6808 6808
6809 6809
6810 6810
6811 6811
6812 6812
6813 6813
6814 6814
6815 6815
6816 6816
6817 6817
6818 6818
6819 6819
6820 6820
6821 6821
6822 6822
6823 6823
6824 6824
6825 6825
6826 6826
6827 6827
6828 6828
6829 6829
6830 6830
6831 6831
6832 6832
6833 6833
6834 6834
6835 6835
6836 6836
6837 6837
6838 6838
6839 6839
6840 6840
6841 6841
6843 6843
6844 6844
6845 6845
6847 6847
6849 6849
6850 6850
6851 6851
6852 6852
6853 6853
6855 6855
6856 6856
6857 6857
6858 6858
6859 6859
6860 6860
6861 6861
6862 6862
6863 6863
6864 6864
6866 6866
6867 6867
6868 6868
6869 6869
6870 6870
6873 6873
6874 6874
6878 6878
6879 6879
6881 6881
6882 6882
6884 6884
6886 6886
6887 6887
6888 6888
6890 6890
6891 6891
6896 6896
6897 6897
6898 6898
6899 6899
6903 6903
6905 6905
6908 6908
6909 6909
6910 6910
6911 6911
6912 6912
6914 6914
6915 6915
6916 6916
6917 6917
6919 6919
6920 6920
6921 6921
6922 6922
6923 6923
6924 6924
6925 6925
6926 6926
6927 6927
6928 6928
6930 6930
6931 6931
6932 6932
6933 6933
6934 6934
6936 6936
6937 6937
6938 6938
6939 6939
6940 6940
6941 6941
6942 6942
6943 6943
6944 6944
6946 6946
6949 6949
6950 6950
6951 6951
6952 6952
6953 6953
6954 6954
6955 6955
6956 6956
6958 6958
6959 6959
6960 6960
6962 6962
6963 6963
6964 6964
6965 6965
6966 6966
6967 6967
6970 6970
6971 6971
6972 6972
6973 6973
6974 6974
6975 6975
6976 6976
6977 6977
6979 6979
6980 6980
6986 6986
6987 6987
6988 6988
6989 6989
6990 6990
6991 6991
6992 6992
6993 6993
6994 6994
6995 6995
6996 6996
6998 6998
6999 6999
7000 7000
7001 7001
7002 7002
7003 7003
7004 7004
7005 7005
7006 7006
7007 7007
7008 7008
7009 7009
7010 7010
7011 7011
7012 7012
7014 7014
7015 7015
7016 7016
7017 7017
7018 7018
7021 7021
7022 7022
7023 7023
7024 7024
7025 7025
7027 7027
7028 7028
7030 7030
7032 7032
7033 7033
7034 7034
7038 7038
7039 7039
7040 7040
7043 7043
7044 7044
7046 7046
7047 7047
7048 7048
7049 7049
7050 7050
7052 7052
7053 7053
7054 7054
7055 7055
7056 7056
7057 7057
7058 7058
7059 7059
7061 7061
7062 7062
7063 7063
7064 7064
7065 7065
7068 7068
7069 7069
7070 7070
7071 7071
7072 7072
7073 7073
7074 7074
7075 7075
7076 7076
7077 7077
7078 7078
7079 7079
7080 7080
7081 7081
7083 7083
7084 7084
7085 7085
7087 7087
7088 7088
7089 7089
7090 7090
7091 7091
7092 7092
7093 7093
7094 7094
7095 7095
7096 7096
7097 7097
7098 7098
7099 7099
7100 7100
7101 7101
7102 7102
7103 7103
7104 7104
7105 7105
7106 7106
7107 7107
7108 7108
7109 7109
7110 7110
7111 7111
7112 7112
7113 7113
7114 7114
7115 7115
7116 7116
7117 7117
7118 7118
7120 7120
7121 7121
7123 7123
7124 7124
7126 7126
7127 7127
7128 7128
7130 7130
7131 7131
7132 7132
7133 7133
7134 7134
7135 7135
7136 7136
7137 7137
7138 7138
7139 7139
7140 7140
7141 7141
7142 7142
7143 7143
7144 7144
7145 7145
7146 7146
7147 7147
7148 7148
7149 7149
7150 7150
7151 7151
7152 7152
7153 7153
7154 7154
7155 7155
7156 7156
7157 7157
7158 7158
7159 7159
7160 7160
7161 7161
7162 7162
7163 7163
7164 7164
7165 7165
7166 7166
7167 7167
7168 7168
7169 7169
7170 7170
7171 7171
7172 7172
7173 7173
7174 7174
7175 7175
7176 7176
7177 7177
7179 7179
7180 7180
7181 7181
7182 7182
7183 7183
7186 7186
7187 7187
7188 7188
7189 7189
7190 7190
7191 7191
7192 7192
7194 7194
7195 7195
7196 7196
7197 7197
7198 7198
7199 7199
7201 7201
7202 7202
7203 7203
7204 7204
7205 7205
7208 7208
7209 7209
7210 7210
7213 7213
7216 7216
7217 7217
7218 7218
7219 7219
7221 7221
7225 7225
7227 7227
7228 7228
7229 7229
7230 7230
7231 7231
7232 7232
7233 7233
7234 7234
7235 7235
7238 7238
7239 7239
7240 7240
7241 7241
7242 7242
7243 7243
7244 7244
7245 7245
7246 7246
7247 7247
7248 7248
7249 7249
7250 7250
7251 7251
7252 7252
7253 7253
7254 7254
7255 7255
7256 7256
7257 7257
7258 7258
7259 7259
7260 7260
7261 7261
7262 7262
7263 7263
7264 7264
7265 7265
7266 7266
7267 7267
7268 7268
7270 7270
7271 7271
7272 7272
7273 7273
7274 7274
7275 7275
7276 7276
7277 7277
7278 7278
7279 7279
7280 7280
7281 7281
7282 7282
7283 7283
7284 7284
7286 7286
7287 7287
7289 7289
7290 7290
7291 7291
7292 7292
7293 7293
7294 7294
7295 7295
7296 7296
7297 7297
7298 7298
7299 7299
7300 7300
7301 7301
7302 7302
7303 7303
7304 7304
7305 7305
7306 7306
7307 7307
7308 7308
7309 7309
7311 7311
7312 7312
7313 7313
7314 7314
7315 7315
7316 7316
7317 7317
7318 7318
7319 7319
7320 7320
7321 7321
7322 7322
7323 7323
7324 7324
7325 7325
7326 7326
7327 7327
7328 7328
7329 7329
7330 7330
7331 7331
7333 7333
7334 7334
7335 7335
7336 7336
7337 7337
7338 7338
7339 7339
7340 7340
7341 7341
7342 7342
7343 7343
7344 7344
7345 7345
7346 7346
7347 7347
7348 7348
7349 7349
7350 7350
7351 7351
7352 7352
7353 7353
7354 7354
7355 7355
7356 7356
7357 7357
7358 7358
7359 7359
7360 7360
7361 7361
7362 7362
7363 7363
7364 7364
7365 7365
7366 7366
7367 7367
7368 7368
7369 7369
7370 7370
7372 7372
7373 7373
7374 7374
7375 7375
7376 7376
7377 7377
7378 7378
7379 7379
7380 7380
7381 7381
7382 7382
7383 7383
7384 7384
7385 7385
7386 7386
7387 7387
7388 7388
7389 7389
7390 7390
7391 7391
7392 7392
7393 7393
7394 7394
7396 7396
7397 7397
7399 7399
7400 7400
7401 7401
7402 7402
7403 7403
7404 7404
7405 7405
7406 7406
7407 7407
7408 7408
7409 7409
7410 7410
7411 7411
7412 7412
7413 7413
7414 7414
7415 7415
7416 7416
7417 7417
7419 7419
7420 7420
7421 7421
7422 7422
7423 7423
7424 7424
7425 7425
7426 7426
7427 7427
7428 7428
7429 7429
7430 7430
7431 7431
7432 7432
7433 7433
7434 7434
7435 7435
7436 7436
7437 7437
7438 7438
7439 7439
7440 7440
7441 7441
7442 7442
7444 7444
7445 7445
7446 7446
7447 7447
7450 7450
7451 7451
7452 7452
7453 7453
7454 7454
7455 7455
7456 7456
7457 7457
7458 7458
7459 7459
7460 7460
7461 7461
7462 7462
7463 7463
7464 7464
7466 7466
7467 7467
7468 7468
7469 7469
7470 7470
7471 7471
7472 7472
7473 7473
7474 7474
7475 7475
7476 7476
7478 7478
7479 7479
7480 7480
7481 7481
7482 7482
7483 7483
7484 7484
7485 7485
7486 7486
7487 7487
7488 7488
7489 7489
7490 7490
7491 7491
7492 7492
7493 7493
7494 7494
7495 7495
7496 7496
7497 7497
7498 7498
7499 7499
7500 7500
7501 7501
7502 7502
7503 7503
7504 7504
7506 7506
7507 7507
7508 7508
7509 7509
7511 7511
7513 7513
7515 7515
7516 7516
7517 7517
7518 7518
7519 7519
7520 7520
7522 7522
7523 7523
7524 7524
7525 7525
7526 7526
7527 7527
7528 7528
7529 7529
7530 7530
7531 7531
7532 7532
7533 7533
7534 7534
7535 7535
7536 7536
7537 7537
7538 7538
7539 7539
7540 7540
7541 7541
7542 7542
7543 7543
7544 7544
7545 7545
7546 7546
7547 7547
7548 7548
7549 7549
7550 7550
7551 7551
7552 7552
7553 7553
7554 7554
7555 7555
7556 7556
7557 7557
7558 7558
7559 7559
7560 7560
7561 7561
7562 7562
7563 7563
7566 7566
7567 7567
7568 7568
7569 7569
7570 7570
7571 7571
7573 7573
7574 7574
7575 7575
7576 7576
7577 7577
7578 7578
7579 7579
7580 7580
7581 7581
7582 7582
7583 7583
7584 7584
7585 7585
7586 7586
7587 7587
7588 7588
7589 7589
7590 7590
7591 7591
7592 7592
7593 7593
7594 7594
7595 7595
7596 7596
7597 7597
7598 7598
7599 7599
7600 7600
7601 7601
7602 7602
7603 7603
7604 7604
7605 7605
7606 7606
7607 7607
7608 7608
7609 7609
7610 7610
7611 7611
7612 7612
7613 7613
7614 7614
7615 7615
7616 7616
7617 7617
7618 7618
7619 7619
7620 7620
7622 7622
7623 7623
7624 7624
7625 7625
7626 7626
7628 7628
7629 7629
7630 7630
7631 7631
7632 7632
7633 7633
7634 7634
7635 7635
7636 7636
7637 7637
7638 7638
7639 7639
7640 7640
7641 7641
7642 7642
7643 7643
7644 7644
7645 7645
7646 7646
7647 7647
7648 7648
7649 7649
7651 7651
7652 7652
7653 7653
7654 7654
7655 7655
7656 7656
7657 7657
7658 7658
7659 7659
7661 7661
7662 7662
7663 7663
7664 7664
7665 7665
7666 7666
7667 7667
7668 7668
7669 7669
7670 7670
7671 7671
7672 7672
7673 7673
7674 7674
7675 7675
7676 7676
7677 7677
7678 7678
7679 7679
7680 7680
7681 7681
7682 7682
7683 7683
7684 7684
7685 7685
7688 7688
7689 7689
7690 7690
7691 7691
7692 7692
7693 7693
7694 7694
7695 7695
7697 7697
7698 7698
7699 7699
7700 7700
7701 7701
7702 7702
7703 7703
7704 7704
7705 7705
7706 7706
7707 7707
7708 7708
7710 7710
7711 7711
7712 7712
7713 7713
7714 7714
7715 7715
7716 7716
7717 7717
7718 7718
7719 7719
7720 7720
7721 7721
7722 7722
7723 7723
7724 7724
7725 7725
7726 7726
7727 7727
7728 7728
7729 7729
7730 7730
7731 7731
7732 7732
7733 7733
7734 7734
7735 7735
7736 7736
7737 7737
7738 7738
7741 7741
7742 7742
7744 7744
7746 7746
7747 7747
7748 7748
7749 7749
7750 7750
7751 7751
7752 7752
7753 7753
7754 7754
7755 7755
7756 7756
7757 7757
7758 7758
7759 7759
7760 7760
7761 7761
7762 7762
7763 7763
7764 7764
7765 7765
7766 7766
7767 7767
7768 7768
7769 7769
7770 7770
7771 7771
7772 7772
7774 7774
7776 7776
7778 7778
7779 7779
7780 7780
7781 7781
7782 7782
7783 7783
7784 7784
7785 7785
7786 7786
7787 7787
7788 7788
7789 7789
7790 7790
7791 7791
7792 7792
7793 7793
7794 7794
7795 7795
7796 7796
7797 7797
7798 7798
7799 7799
7800 7800
7801 7801
7803 7803
7804 7804
7805 7805
7806 7806
7807 7807
7808 7808
7809 7809
7810 7810
7811 7811
7812 7812
7813 7813
7814 7814
7815 7815
7816 7816
7817 7817
7819 7819
7820 7820
7821 7821
7822 7822
7823 7823
7824 7824
7825 7825
7826 7826
7827 7827
7828 7828
7829 7829
7830 7830
7831 7831
7832 7832
7833 7833
7834 7834
7835 7835
7836 7836
7837 7837
7838 7838
7839 7839
7840 7840
7841 7841
7842 7842
7843 7843
7844 7844
7845 7845
7846 7846
7847 7847
7848 7848
7849 7849
7850 7850
7851 7851
7852 7852
7853 7853
7854 7854
7856 7856
7857 7857
7858 7858
7859 7859
7860 7860
7861 7861
7862 7862
7863 7863
7864 7864
7865 7865
7866 7866
7867 7867
7868 7868
7869 7869
7870 7870
7871 7871
7872 7872
7873 7873
7876 7876
7877 7877
7878 7878
7879 7879
7880 7880
7881 7881
7882 7882
7883 7883
7884 7884
7885 7885
7886 7886
7887 7887
7888 7888
7889 7889
7890 7890
7891 7891
7892 7892
7893 7893
7894 7894
7895 7895
7897 7897
7898 7898
7899 7899
7900 7900
7901 7901
7903 7903
7904 7904
7905 7905
7906 7906
7907 7907
7908 7908
7909 7909
7910 7910
7911 7911
7912 7912
7913 7913
7914 7914
7915 7915
7916 7916
7917 7917
7918 7918
7919 7919
7920 7920
7921 7921
7922 7922
7923 7923
7924 7924
7925 7925
7926 7926
7927 7927
7929 7929
7930 7930
7931 7931
7932 7932
7933 7933
7934 7934
7935 7935
7936 7936
7937 7937
7938 7938
7939 7939
7940 7940
7941 7941
7942 7942
7943 7943
7944 7944
7945 7945
7946 7946
7947 7947
7948 7948
7949 7949
7950 7950
7951 7951
7952 7952
7953 7953
7954 7954
7955 7955
7956 7956
7958 7958
7959 7959
7960 7960
7961 7961
7962 7962
7964 7964
7965 7965
7966 7966
7967 7967
7968 7968
7969 7969
7970 7970
7971 7971
7972 7972
7975 7975
7976 7976
7977 7977
7979 7979
7980 7980
7981 7981
7982 7982
7983 7983
7984 7984
7985 7985
7986 7986
7989 7989
7990 7990
7991 7991
7992 7992
7993 7993
7994 7994
7995 7995
7997 7997
7998 7998
7999 7999
8000 8000
8001 8001
8002 8002
8003 8003
8004 8004
8005 8005
8006 8006
8007 8007
8008 8008
8009 8009
8012 8012
8013 8013
8014 8014
8015 8015
8016 8016
8017 8017
8018 8018
8020 8020
8021 8021
8022 8022
8023 8023
8024 8024
8025 8025
8026 8026
8027 8027
8028 8028
8029 8029
8030 8030
8031 8031
8032 8032
8033 8033
8034 8034
8035 8035
8036 8036
8037 8037
8038 8038
8039 8039
8040 8040
8041 8041
8042 8042
8043 8043
8044 8044
8045 8045
8046 8046
8047 8047
8049 8049
8050 8050
8051 8051
8052 8052
8053 8053
8054 8054
8055 8055
8056 8056
8057 8057
8058 8058
8059 8059
8060 8060
8061 8061
8062 8062
8063 8063
8064 8064
8065 8065
8066 8066
8067 8067
8068 8068
8069 8069
8071 8071
8072 8072
8073 8073
8074 8074
8075 8075
8076 8076
8077 8077
8078 8078
8079 8079
8080 8080
8081 8081
8082 8082
8084 8084
8085 8085
8086 8086
8087 8087
8088 8088
8089 8089
8090 8090
8091 8091
8092 8092
8093 8093
8094 8094
8095 8095
8096 8096
8097 8097
8098 8098
8099 8099
8100 8100
8101 8101
8102 8102
8103 8103
8104 8104
8105 8105
8106 8106
8107 8107
8108 8108
8109 8109
8110 8110
8111 8111
8112 8112
8113 8113
8114 8114
8115 8115
8116 8116
8117 8117
8118 8118
8119 8119
8120 8120
8121 8121
8122 8122
8123 8123
8124 8124
8125 8125
8126 8126
8127 8127
8129 8129
8130 8130
8132 8132
8134 8134
8135 8135
8136 8136
8137 8137
8138 8138
8139 8139
8142 8142
8144 8144
8145 8145
8146 8146
8148 8148
8149 8149
8150 8150
8152 8152
8153 8153
8154 8154
8155 8155
8156 8156
8157 8157
8159 8159
8160 8160
8161 8161
8162 8162
8166 8166
8168 8168
8169 8169
8170 8170
8171 8171
8172 8172
8173 8173
8174 8174
8175 8175
8176 8176
8177 8177
8178 8178
8179 8179
8180 8180
8181 8181
8182 8182
8184 8184
8185 8185
8186 8186
8187 8187
8188 8188
8189 8189
8190 8190
8191 8191
8192 8192
8193 8193
8194 8194
8195 8195
8196 8196
8197 8197
8198 8198
8199 8199
8200 8200
8202 8202
8203 8203
8204 8204
8206 8206
8207 8207
8208 8208
8209 8209
8210 8210
8211 8211
8212 8212
8213 8213
8214 8214
8215 8215
8216 8216
8217 8217
8218 8218
8219 8219
8220 8220
8222 8222
8223 8223
8225 8225
8226 8226
8228 8228
8229 8229
8230 8230
8231 8231
8232 8232
8233 8233
8234 8234
8235 8235
8236 8236
8237 8237
8238 8238
8239 8239
8240 8240
8241 8241
8242 8242
8243 8243
8244 8244
8245 8245
8247 8247
8248 8248
8249 8249
8251 8251
8252 8252
8253 8253
8254 8254
8255 8255
8256 8256
8257 8257
8258 8258
8259 8259
8260 8260
8261 8261
8262 8262
8263 8263
8264 8264
8265 8265
8266 8266
8267 8267
8268 8268
8269 8269
8270 8270
8271 8271
8273 8273
8274 8274
8275 8275
8276 8276
8277 8277
8278 8278
8281 8281
8282 8282
8283 8283
8284 8284
8285 8285
8286 8286
8287 8287
8288 8288
8289 8289
8290 8290
8291 8291
8292 8292
8293 8293
8294 8294
8295 8295
8296 8296
8297 8297
8299 8299
8300 8300
8302 8302
8303 8303
8304 8304
8305 8305
8306 8306
8307 8307
8308 8308
8309 8309
8310 8310
8311 8311
8312 8312
8313 8313
8314 8314
8315 8315
8316 8316
8317 8317
8318 8318
8319 8319
8320 8320
8321 8321
8322 8322
8323 8323
8324 8324
8325 8325
8326 8326
8327 8327
8328 8328
8329 8329
8330 8330
8331 8331
8332 8332
8351 8351
8352 8352
8353 8353
8354 8354
8355 8355
8356 8356
8357 8357
8358 8358
8359 8359
8361 8361
8362 8362
8363 8363
8364 8364
8365 8365
8366 8366
8367 8367
8368 8368
8369 8369
8370 8370
8374 8374
8375 8375
8376 8376
8377 8377
8378 8378
8380 8380
8381 8381
8382 8382
8383 8383
8384 8384
8385 8385
8386 8386
8387 8387
8388 8388
8389 8389
8390 8390
8391 8391
8395 8395
8396 8396
8397 8397
8398 8398
8399 8399
8400 8400
8401 8401
8402 8402
8403 8403
8404 8404
8405 8405
8406 8406
8407 8407
8408 8408
8409 8409
8410 8410
8411 8411
8413 8413
8414 8414
8415 8415
8416 8416
8417 8417
8418 8418
8419 8419
8420 8420
8421 8421
8422 8422
8424 8424
8425 8425
8430 8430
8431 8431
8432 8432
8433 8433
8434 8434
8435 8435
8436 8436
8437 8437
8439 8439
8440 8440
8441 8441
8442 8442
8444 8444
8445 8445
8446 8446
8447 8447
8448 8448
8449 8449
8451 8451
8452 8452
8455 8455
8456 8456
8457 8457
8458 8458
8462 8462
8463 8463
8464 8464
8465 8465
8466 8466
8467 8467
8468 8468
8469 8469
8470 8470
8472 8472
8473 8473
8474 8474
8475 8475
8476 8476
8477 8477
8478 8478
8480 8480
8481 8481
8482 8482
8483 8483
8484 8484
8485 8485
8486 8486
8487 8487
8488 8488
8493 8493
8494 8494
8496 8496
8498 8498
8499 8499
8500 8500
8501 8501
8503 8503
8504 8504
8505 8505
8506 8506
8507 8507
8508 8508
8509 8509
8510 8510
8511 8511
8512 8512
8513 8513
8514 8514
8515 8515
8516 8516
8517 8517
8518 8518
8519 8519
8520 8520
8521 8521
8522 8522
8523 8523
8524 8524
8525 8525
8527 8527
8528 8528
8529 8529
8530 8530
8531 8531
8532 8532
8533 8533
8535 8535
8536 8536
8538 8538
8539 8539
8540 8540
8541 8541
8542 8542
8543 8543
8544 8544
8545 8545
8546 8546
8547 8547
8548 8548
8550 8550
8551 8551
8552 8552
8553 8553
8554 8554
8556 8556
8557 8557
8558 8558
8559 8559
8560 8560
8561 8561
8562 8562
8563 8563
8564 8564
8565 8565
8566 8566
8567 8567
8568 8568
8570 8570
8571 8571
8572 8572
8573 8573
8574 8574
8575 8575
8577 8577
8578 8578
8579 8579
8580 8580
8581 8581
8582 8582
8583 8583
8584 8584
8585 8585
8587 8587
8588 8588
8590 8590
8591 8591
8592 8592
8593 8593
8596 8596
8597 8597
8598 8598
8599 8599
8602 8602
8605 8605
8606 8606
8610 8610
8611 8611
8613 8613
8615 8615
8616 8616
8617 8617
8618 8618
8620 8620
8625 8625
8626 8626
8627 8627
8628 8628
8630 8630
8631 8631
8632 8632
8633 8633
8634 8634
8635 8635
8637 8637
8638 8638
8639 8639
8640 8640
8641 8641
8642 8642
8643 8643
8644 8644
8645 8645
8646 8646
8647 8647
8648 8648
8649 8649
8650 8650
8652 8652
8653 8653
8654 8654
8655 8655
8656 8656
8658 8658
8659 8659
8661 8661
8662 8662
8663 8663
8664 8664
8665 8665
8666 8666
8667 8667
8668 8668
8669 8669
8670 8670
8671 8671
8672 8672
8674 8674
8675 8675
8676 8676
8678 8678
8679 8679
8680 8680
8681 8681
8682 8682
8683 8683
8684 8684
8685 8685
8686 8686
8687 8687
8688 8688
8691 8691
8692 8692
8693 8693
8694 8694
8695 8695
8696 8696
8697 8697
8698 8698
8699 8699
8700 8700
8701 8701
8702 8702
8703 8703
8705 8705
8706 8706
8707 8707
8708 8708
8710 8710
8711 8711
8712 8712
8715 8715
8716 8716
8717 8717
8720 8720
8721 8721
8722 8722
8723 8723
8724 8724
8725 8725
8726 8726
8727 8727
8728 8728
8730 8730
8732 8732
8733 8733
8734 8734
8735 8735
8736 8736
8738 8738
8739 8739
8740 8740
8741 8741
8742 8742
8743 8743
8744 8744
8745 8745
8747 8747
8748 8748
8749 8749
8750 8750
8752 8752
8753 8753
8754 8754
8755 8755
8756 8756
8758 8758
8759 8759
8760 8760
8761 8761
8762 8762
8763 8763
8764 8764
8765 8765
8766 8766
8767 8767
8768 8768
8769 8769
8770 8770
8771 8771
8772 8772
8774 8774
8775 8775
8776 8776
8778 8778
8779 8779
8780 8780
8781 8781
8782 8782
8784 8784
8785 8785
8786 8786
8788 8788
8789 8789
8790 8790
8791 8791
8792 8792
8793 8793
8794 8794
8795 8795
8796 8796
8797 8797
8798 8798
8799 8799
8800 8800
8801 8801
8802 8802
8803 8803
8805 8805
8806 8806
8807 8807
8808 8808
8809 8809
8810 8810
8811 8811
8813 8813
8814 8814
8815 8815
8816 8816
8817 8817
8818 8818
8819 8819
8820 8820
8821 8821
8822 8822
8824 8824
8825 8825
8826 8826
8827 8827
8828 8828
8829 8829
8830 8830
8832 8832
8833 8833
8834 8834
8835 8835
8836 8836
8837 8837
8838 8838
8839 8839
8840 8840
8841 8841
8842 8842
8843 8843
8844 8844
8845 8845
8846 8846
8847 8847
8848 8848
8849 8849
8850 8850
8851 8851
8852 8852
8853 8853
8854 8854
8855 8855
8856 8856
8860 8860
8861 8861
8862 8862
8863 8863
8864 8864
8865 8865
8866 8866
8867 8867
8868 8868
8869 8869
8874 8874
8875 8875
8876 8876
8877 8877
8878 8878
8879 8879
8880 8880
8881 8881
8882 8882
8883 8883
8884 8884
8885 8885
8886 8886
8887 8887
8889 8889
8890 8890
8892 8892
8893 8893
8894 8894
8895 8895
8897 8897
8898 8898
8899 8899
8900 8900
8902 8902
8903 8903
8904 8904
8905 8905
8907 8907
8908 8908
8911 8911
8912 8912
8914 8914
8916 8916
8917 8917
8918 8918
8919 8919
8920 8920
8921 8921
8923 8923
8924 8924
8926 8926
8927 8927
8928 8928
8931 8931
8932 8932
8933 8933
8934 8934
8935 8935
8936 8936
8937 8937
8938 8938
8939 8939
8940 8940
8941 8941
8942 8942
8946 8946
8947 8947
8949 8949
8950 8950
8951 8951
8952 8952
8953 8953
8954 8954
8955 8955
8956 8956
8957 8957
8958 8958
8960 8960
8962 8962
8964 8964
8965 8965
8966 8966
8968 8968
8969 8969
8970 8970
8971 8971
8972 8972
8973 8973
8974 8974
8976 8976
8978 8978
8980 8980
8981 8981
8982 8982
8984 8984
8985 8985
8986 8986
8987 8987
8988 8988
8990 8990
8991 8991
8992 8992
8993 8993
8994 8994
8995 8995
8996 8996
8997 8997
8998 8998
8999 8999
9001 9001
9002 9002
9003 9003
9004 9004
9005 9005
9006 9006
9007 9007
9009 9009
9010 9010
9011 9011
9012 9012
9013 9013
9014 9014
9015 9015
9018 9018
9019 9019
9020 9020
9021 9021
9022 9022
9023 9023
9024 9024
9025 9025
9026 9026
9027 9027
9028 9028
9029 9029
9030 9030
9031 9031
9032 9032
9033 9033
9034 9034
9035 9035
9036 9036
9037 9037
9038 9038
9039 9039
9040 9040
9041 9041
9042 9042
9043 9043
9044 9044
9045 9045
9046 9046
9047 9047
9048 9048
9049 9049
9050 9050
9051 9051
9052 9052
9053 9053
9054 9054
9055 9055
9056 9056
9057 9057
9058 9058
9059 9059
9060 9060
9061 9061
9062 9062
9063 9063
9064 9064
9065 9065
9066 9066
9067 9067
9068 9068
9069 9069
9070 9070
9071 9071
9072 9072
9073 9073
9076 9076
9077 9077
9083 9083
9084 9084
9085 9085
9086 9086
9089 9089
9090 9090
9091 9091
9093 9093
9094 9094
9095 9095
9096 9096
9097 9097
9098 9098
9099 9099
9100 9100
9101 9101
9102 9102
9104 9104
9105 9105
9106 9106
9107 9107
9108 9108
9109 9109
9110 9110
9111 9111
9112 9112
9113 9113
9114 9114
9116 9116
9117 9117
9118 9118
9119 9119
9120 9120
9121 9121
9122 9122
9123 9123
9124 9124
9125 9125
9127 9127
9128 9128
9129 9129
9130 9130
9131 9131
9132 9132
9133 9133
9134 9134
9135 9135
9136 9136
9137 9137
9138 9138
9139 9139
9140 9140
9141 9141
9142 9142
9143 9143
9145 9145
9146 9146
9147 9147
9148 9148
9149 9149
9150 9150
9151 9151
9152 9152
9153 9153
9154 9154
9155 9155
9156 9156
9157 9157
9158 9158
9159 9159
9160 9160
9161 9161
9162 9162
9163 9163
9164 9164
9165 9165
9166 9166
9167 9167
9168 9168
9169 9169
9170 9170
9171 9171
9172 9172
9173 9173
9174 9174
9175 9175
9176 9176
9177 9177
9179 9179
9182 9182
9183 9183
9184 9184
9185 9185
9186 9186
9187 9187
9188 9188
9189 9189
9190 9190
9191 9191
9192 9192
9193 9193
9194 9194
9195 9195
9196 9196
9197 9197
9198 9198
9199 9199
9200 9200
9201 9201
9202 9202
9203 9203
9204 9204
9205 9205
9206 9206
9207 9207
9208 9208
9209 9209
9211 9211
9212 9212
9213 9213
9214 9214
9215 9215
9216 9216
9217 9217
9218 9218
9219 9219
9221 9221
9222 9222
9223 9223
9224 9224
9225 9225
9227 9227
9228 9228
9229 9229
9230 9230
9232 9232
9233 9233
9235 9235
9236 9236
9237 9237
9238 9238
9239 9239
9240 9240
9241 9241
9243 9243
9244 9244
9245 9245
9246 9246
9247 9247
9248 9248
9249 9249
9250 9250
9251 9251
9252 9252
9253 9253
9254 9254
9255 9255
9256 9256
9257 9257
9258 9258
9260 9260
9261 9261
9262 9262
9263 9263
9264 9264
9265 9265
9266 9266
9267 9267
9268 9268
9269 9269
9271 9271
9272 9272
9273 9273
9274 9274
9275 9275
9276 9276
9277 9277
9278 9278
9280 9280
9281 9281
9282 9282
9283 9283
9284 9284
9285 9285
9286 9286
9287 9287
9288 9288
9289 9289
9290 9290
9291 9291
9292 9292
9293 9293
9294 9294
9295 9295
9296 9296
9297 9297
9298 9298
9299 9299
9300 9300
9301 9301
9303 9303
9304 9304
9305 9305
9306 9306
9307 9307
9308 9308
9309 9309
9310 9310
9311 9311
9312 9312
9313 9313
9314 9314
9315 9315
9317 9317
9318 9318
9319 9319
9320 9320
9321 9321
9322 9322
9323 9323
9324 9324
9326 9326
9327 9327
9328 9328
9329 9329
9331 9331
9332 9332
9333 9333
9334 9334
9335 9335
9336 9336
9337 9337
9338 9338
9340 9340
9341 9341
9342 9342
9343 9343
9346 9346
9348 9348
9349 9349
9350 9350
9351 9351
9352 9352
9353 9353
9354 9354
9355 9355
9356 9356
9357 9357
9358 9358
9359 9359
9360 9360
9361 9361
9362 9362
9363 9363
9364 9364
9365 9365
9366 9366
9368 9368
9369 9369
9370 9370
9371 9371
9372 9372
9373 9373
9374 9374
9375 9375
9376 9376
9377 9377
9378 9378
9379 9379
9380 9380
9381 9381
9382 9382
9383 9383
9384 9384
9385 9385
9386 9386
9387 9387
9388 9388
9389 9389
9390 9390
9391 9391
9392 9392
9393 9393
9397 9397
9398 9398
9399 9399
9400 9400
9401 9401
9402 9402
9403 9403
9404 9404
9405 9405
9407 9407
9408 9408
9409 9409
9410 9410
9411 9411
9412 9412
9413 9413
9414 9414
9416 9416
9417 9417
9418 9418
9419 9419
9420 9420
9421 9421
9423 9423
9424 9424
9425 9425
9426 9426
9427 9427
9428 9428
9429 9429
9430 9430
9431 9431
9432 9432
9433 9433
9434 9434
9435 9435
9436 9436
9437 9437
9438 9438
9439 9439
9440 9440
9441 9441
9442 9442
9443 9443
9444 9444
9445 9445
9446 9446
9447 9447
9448 9448
9449 9449
9450 9450
9451 9451
9452 9452
9453 9453
9454 9454
9455 9455
9456 9456
9457 9457
9458 9458
9459 9459
9460 9460
9461 9461
9462 9462
9463 9463
9464 9464
9465 9465
9466 9466
9467 9467
9468 9468
9469 9469
9470 9470
9471 9471
9472 9472
9473 9473
9474 9474
9475 9475
9476 9476
9477 9477
9478 9478
9479 9479
9480 9480
9481 9481
9482 9482
9483 9483
9484 9484
9485 9485
9486 9486
9488 9488
9489 9489
9490 9490
9491 9491
9493 9493
9494 9494
9495 9495
9496 9496
9497 9497
9498 9498
9499 9499
9500 9500
9502 9502
9503 9503
9504 9504
9505 9505
9506 9506
9507 9507
9508 9508
9509 9509
9510 9510
9511 9511
9512 9512
9513 9513
9514 9514
9515 9515
9516 9516
9517 9517
9518 9518
9519 9519
9520 9520
9521 9521
9522 9522
9523 9523
9524 9524
9525 9525
9526 9526
9527 9527
9528 9528
9529 9529
9530 9530
9532 9532
9533 9533
9534 9534
9535 9535
9536 9536
9538 9538
9539 9539
9540 9540
9541 9541
9542 9542
9543 9543
9544 9544
9545 9545
9546 9546
9547 9547
9548 9548
9549 9549
9550 9550
9551 9551
9552 9552
9553 9553
9554 9554
9555 9555
9556 9556
9557 9557
9558 9558
9559 9559
9560 9560
9561 9561
9562 9562
9563 9563
9564 9564
9565 9565
9566 9566
9567 9567
9568 9568
9569 9569
9570 9570
9571 9571
9572 9572
9573 9573
9574 9574
9575 9575
9576 9576
9577 9577
9578 9578
9579 9579
9580 9580
9581 9581
9582 9582
9583 9583
9584 9584
9585 9585
9586 9586
9587 9587
9588 9588
9589 9589
9590 9590
9591 9591
9592 9592
9593 9593
9594 9594
9595 9595
9596 9596
9597 9597
9599 9599
9600 9600
9602 9602
9603 9603
9604 9604
9605 9605
9606 9606
9607 9607
9608 9608
9609 9609
9610 9610
9612 9612
9613 9613
9614 9614
9615 9615
9616 9616
9617 9617
9618 9618
9619 9619
9620 9620
9621 9621
9623 9623
9624 9624
9625 9625
9626 9626
9627 9627
9628 9628
9629 9629
9630 9630
9631 9631
9632 9632
9633 9633
9634 9634
9635 9635
9636 9636
9637 9637
9638 9638
9639 9639
9640 9640
9641 9641
9642 9642
9643 9643
9644 9644
9645 9645
9646 9646
9647 9647
9648 9648
9649 9649
9650 9650
9651 9651
9652 9652
9653 9653
9654 9654
9655 9655
9656 9656
9657 9657
9658 9658
9659 9659
9660 9660
9661 9661
9662 9662
9663 9663
9664 9664
9665 9665
9666 9666
9667 9667
9668 9668
9669 9669
9670 9670
9671 9671
9672 9672
9673 9673
9674 9674
9675 9675
9676 9676
9677 9677
9678 9678
9679 9679
9680 9680
9681 9681
9682 9682
9683 9683
9684 9684
9685 9685
9686 9686
9687 9687
9688 9688
9689 9689
9690 9690
9691 9691
9692 9692
9693 9693
9694 9694
9695 9695
9696 9696
9697 9697
9698 9698
9699 9699
9700 9700
9701 9701
9702 9702
9703 9703
9704 9704
9705 9705
9706 9706
9707 9707
9708 9708
9709 9709
9710 9710
9711 9711
9712 9712
9713 9713
9714 9714
9715 9715
9716 9716
9717 9717
9718 9718
9719 9719
9720 9720
9721 9721
9722 9722
9723 9723
9724 9724
9725 9725
9726 9726
9727 9727
9728 9728
9729 9729
9730 9730
9732 9732
9733 9733
9734 9734
9735 9735
9736 9736
9737 9737
9738 9738
9739 9739
9740 9740
9741 9741
9742 9742
9743 9743
9744 9744
9745 9745
9746 9746
9747 9747
9748 9748
9749 9749
9750 9750
9751 9751
9752 9752
9753 9753
9754 9754
9755 9755
9756 9756
9757 9757
9758 9758
9759 9759
9760 9760
9761 9761
9762 9762
9763 9763
9764 9764
9765 9765
9766 9766
9767 9767
9768 9768
9769 9769
9770 9770
9771 9771
9772 9772
9773 9773
9774 9774
9775 9775
9776 9776
9777 9777
9778 9778
9779 9779
9780 9780
9781 9781
9782 9782
9783 9783
9784 9784
9785 9785
9786 9786
9787 9787
9788 9788
9789 9789
9790 9790
9791 9791
9792 9792
9793 9793
9794 9794
9795 9795
9796 9796
9797 9797
9798 9798
9799 9799
9800 9800
9801 9801
9802 9802
9803 9803
9804 9804
9805 9805
9806 9806
9807 9807
9808 9808
9809 9809
9810 9810
9811 9811
9812 9812
9813 9813
9814 9814
9815 9815
9816 9816
9817 9817
9818 9818
9819 9819
9820 9820
9822 9822
9823 9823
9824 9824
9825 9825
9826 9826
9829 9829
9830 9830
9831 9831
9832 9832
9833 9833
9835 9835
9836 9836
9837 9837
9838 9838
9839 9839
9840 9840
9841 9841
9842 9842
9843 9843
9844 9844
9845 9845
9846 9846
9847 9847
9848 9848
9849 9849
9850 9850
9851 9851
9852 9852
9853 9853
9854 9854
9855 9855
9856 9856
9857 9857
9858 9858
9859 9859
9860 9860
9861 9861
9862 9862
9863 9863
9864 9864
9865 9865
9866 9866
9867 9867
9868 9868
9869 9869
9870 9870
9871 9871
9872 9872
9873 9873
9874 9874
9875 9875
9876 9876
9877 9877
9878 9878
9879 9879
9880 9880
9881 9881
9882 9882
9883 9883
9884 9884
9885 9885
9886 9886
9887 9887
9888 9888
9889 9889
9890 9890
9891 9891
9892 9892
9893 9893
9894 9894
9895 9895
9898 9898
9899 9899
9900 9900
9901 9901
9902 9902
9903 9903
9904 9904
9905 9905
9906 9906
9907 9907
9908 9908
9909 9909
9910 9910
9911 9911
9912 9912
9913 9913
9914 9914
9915 9915
9916 9916
9917 9917
9918 9918
9919 9919
9920 9920
9921 9921
9922 9922
9923 9923
9924 9924
9925 9925
9927 9927
9928 9928
9930 9930
9931 9931
9932 9932
9933 9933
9935 9935
9936 9936
9937 9937
9938 9938
9940 9940
9941 9941
9942 9942
9943 9943
9944 9944
9945 9945
9947 9947
9948 9948
9949 9949
9950 9950
9952 9952
9953 9953
9954 9954
9957 9957
9958 9958
9959 9959
9960 9960
9961 9961
9962 9962
9963 9963
9964 9964
9965 9965
9966 9966
9967 9967
9968 9968
9969 9969
9970 9970
9971 9971
9974 9974
9975 9975
9977 9977
9978 9978
9979 9979
9980 9980
9981 9981
9982 9982
9983 9983
9984 9984
9985 9985
9986 9986
9987 9987
9988 9988
9989 9989
9990 9990
9991 9991
9992 9992
9993 9993
9994 9994
9995 9995
9996 9996
9997 9997
9998 9998
9999 9999
